0.000009	other	0	0	0	0.00	0.00	0.00	0	6	0.00	0.00	0.00	REJ	0	0	0	-1	fda1:29cf:3ff5:ad29:0f35:151a:1fd2:26a8	4715	fda1:29cf:3ff5:fbda:7d9b:2715:6178:3175	445	00:00:00	tcp
0.000233	other	0	0	1	1.00	0.00	0.00	1	7	1.00	0.00	0.00	REJ	0	0	0	-1	fda1:29cf:3ff5:ad29:0f35:151a:1fd2:26a8	4715	fda1:29cf:3ff5:fbda:7d9b:2715:6178:3175	445	00:00:00	tcp
0.000145	other	0	0	2	1.00	0.00	0.00	2	8	1.00	0.00	0.00	REJ	0	0	0	-1	fda1:29cf:3ff5:ad29:0f35:151a:1fd2:26a8	4715	fda1:29cf:3ff5:fbda:7d9b:2715:6178:3175	445	00:00:01	tcp
4.212553	other	128	209	0	0.00	0.00	0.00	43	45	0.00	0.93	0.89	SF	0	0	0	-1	fda1:29cf:3ff5:d804:40d8:095b:0656:09cb	3530	fda1:29cf:3ff5:d1ef:7d47:27ee:6134:0380	445	00:00:01	tcp
0.000000	other	0	0	0	0.00	0.00	0.00	0	51	0.00	0.00	1.00	S0	0	0	0	-1	fda1:29cf:3ff5:3574:05fb:0267:190f:301a	32832	fda1:29cf:3ff5:e895:7d15:27ff:6187:35ea	25	00:00:02	tcp
0.000100	other	0	0	0	0.00	0.00	0.33	0	0	0.00	0.00	0.00	REJ	0	0	0	-1	fda1:29cf:3ff5:2d21:17ef:1b23:3699:03bc	41392	fda1:29cf:3ff5:108a:7d7a:27a5:61a7:3779	445	00:00:03	tcp
0.000129	other	0	0	1	1.00	0.00	0.25	1	1	0.00	0.00	0.00	REJ	0	0	0	-1	fda1:29cf:3ff5:2d21:17ef:1b23:3699:03bc	41292	fda1:29cf:3ff5:108a:7d7a:27a5:61a7:3779	445	00:00:03	tcp
3.015139	other	0	0	1	1.00	1.00	0.20	0	52	0.00	0.00	1.00	S0	0	0	0	-1	fda1:29cf:3ff5:46cf:3f1c:5798:ff47:373c	64936	fda1:29cf:3ff5:e895:7d15:27ff:6187:35ea	25	00:00:03	tcp
0.000000	other	0	0	0	0.00	0.00	0.50	0	0	0.00	0.00	0.00	S0	0	0	0	-1	fda1:29cf:3ff5:e45a:09fa:1bb1:1bdd:02ec	54102	fda1:29cf:3ff5:9d48:7d8c:279f:60db:1e24	80	00:00:04	tcp
0.000000	other	0	0	0	0.00	0.00	0.60	4	4	1.00	1.00	1.00	S0	0	0	0	-1	fda1:29cf:3ff5:7342:4350:137a:0f00:0551	3704	fda1:29cf:3ff5:7d62:7d5d:2769:616d:1583	445	00:00:04	tcp
0.000000	other	0	0	0	0.00	0.00	0.67	0	0	0.00	0.00	0.00	S0	0	0	0	-1	fda1:29cf:3ff5:88e8:191f:59e6:433d:33da	44232	fda1:29cf:3ff5:5880:7d4c:27ee:609f:4c1b	9091	00:00:04	tcp
0.000000	other	0	0	0	0.00	0.00	0.71	0	0	0.00	0.00	0.00	S0	0	0	0	-1	fda1:29cf:3ff5:2794:2aef:0384:78a6:7c4c	34680	fda1:29cf:3ff5:bada:7d9a:2761:6097:2aef	8000	00:00:04	tcp
0.000059	other	0	0	2	1.00	0.00	0.75	2	2	0.00	0.00	0.00	REJ	0	0	0	-1	fda1:29cf:3ff5:2d21:17ef:1b23:3699:03bc	41438	fda1:29cf:3ff5:108a:7d7a:27a5:61a7:3779	445	00:00:04	tcp
0.000000	other	0	0	0	0.00	0.00	0.62	0	0	0.00	0.00	0.00	S0	0	0	0	-1	fda1:29cf:3ff5:88e8:191f:59e6:433d:33da	37612	fda1:29cf:3ff5:1cd5:7dec:2721:6070:19cc	9091	00:00:05	tcp
2.992383	other	0	0	0	0.00	0.00	0.67	42	42	0.00	0.90	0.90	S0	0	0	0	-1	fda1:29cf:3ff5:d804:40d8:095b:0656:09cb	3774	fda1:29cf:3ff5:d1ef:7d47:27ee:6134:0380	445	00:00:05	tcp
2.992636	other	0	0	1	1.00	1.00	0.70	90	97	0.00	1.00	0.93	S0	0	0	0	-1	fda1:29cf:3ff5:d804:40d8:095b:0656:09cb	3775	fda1:29cf:3ff5:d1ef:7d47:27ee:6134:0380	139	00:00:05	tcp
2.993773	other	0	0	2	1.00	1.00	0.73	90	97	0.00	1.00	0.93	S0	0	0	0	-1	fda1:29cf:3ff5:d804:40d8:095b:0656:09cb	3776	fda1:29cf:3ff5:d1ef:7d47:27ee:6134:0380	139	00:00:05	tcp
0.000000	other	0	0	0	0.00	0.00	1.00	0	0	0.00	0.00	0.00	S0	0	0	0	-1	fda1:29cf:3ff5:f571:47cb:2d6a:0822:137b	59508	fda1:29cf:3ff5:b8b4:7da9:27b3:600d:6fc8	80	00:00:07	tcp
0.000000	other	0	0	0	0.00	0.00	1.00	0	0	0.00	0.00	0.00	S0	0	0	0	-1	fda1:29cf:3ff5:2aa3:4513:5194:451d:2587	35466	fda1:29cf:3ff5:aff2:7d0c:272a:60a3:18d4	9090	00:00:07	tcp
0.000000	other	0	0	0	0.00	0.00	1.00	1	52	1.00	1.00	1.00	S0	0	0	0	-1	fda1:29cf:3ff5:3574:05fb:0267:190f:301a	32832	fda1:29cf:3ff5:e895:7d15:27ff:6187:35ea	25	00:00:08	tcp
0.000000	other	0	0	0	0.00	0.00	1.00	0	0	0.00	0.00	0.00	RSTOS0	0	0	0	-1	fda1:29cf:3ff5:ca8e:58d6:1b7b:2d1d:25c8	51127	fda1:29cf:3ff5:8fc2:7d8d:27be:6015:2dd0	57592	00:00:09	tcp
0.000000	other	0	0	0	0.00	0.00	0.75	0	1	0.00	0.00	1.00	S0	0	0	0	-1	fda1:29cf:3ff5:3aca:07b6:0393:2af0:6551	57029	fda1:29cf:3ff5:50be:7d0e:27bf:6019:192d	3128	00:00:09	tcp
2.891051	other	0	0	0	0.00	0.00	0.67	0	0	0.00	0.00	0.00	S0	0	0	0	-1	fda1:29cf:3ff5:80a2:0f61:40e8:056d:2d18	1221	fda1:29cf:3ff5:5ae9:7d72:278b:6008:27ed	445	00:00:10	tcp
0.000000	other	0	0	0	0.00	0.00	1.00	0	53	0.00	0.00	1.00	S0	0	0	0	-1	fda1:29cf:3ff5:ef16:4429:07a7:3c0a:7cf8	26396	fda1:29cf:3ff5:e895:7d15:27ff:6187:35ea	25	00:00:12	tcp
0.000000	other	0	0	0	0.00	0.00	1.00	43	43	0.02	0.91	0.91	S0	0	0	0	-1	fda1:29cf:3ff5:d804:40d8:095b:0656:09cb	3774	fda1:29cf:3ff5:d1ef:7d47:27ee:6134:0380	445	00:00:14	tcp
0.000000	other	0	0	1	1.00	1.00	1.00	90	97	0.01	1.00	0.93	S0	0	0	0	-1	fda1:29cf:3ff5:d804:40d8:095b:0656:09cb	3775	fda1:29cf:3ff5:d1ef:7d47:27ee:6134:0380	139	00:00:14	tcp
0.000000	other	0	0	2	1.00	1.00	1.00	91	97	0.01	1.00	0.94	S0	0	0	0	-1	fda1:29cf:3ff5:d804:40d8:095b:0656:09cb	3776	fda1:29cf:3ff5:d1ef:7d47:27ee:6134:0380	139	00:00:14	tcp
0.000000	other	0	0	0	0.00	0.00	1.00	0	0	0.00	0.00	0.00	S0	0	0	0	-1	fda1:29cf:3ff5:88e8:191f:59e6:433d:33da	58221	fda1:29cf:3ff5:aef4:7de5:273d:6004:26c7	9091	00:00:16	tcp
0.000000	other	0	0	0	0.00	0.00	1.00	0	0	0.00	0.00	0.00	S0	0	0	0	-1	fda1:29cf:3ff5:89df:4167:00cb:008b:3911	4935	fda1:29cf:3ff5:68d8:7d0f:272d:605a:208d	3389	00:00:16	tcp
0.000020	other	0	0	0	0.00	0.00	1.00	0	1	0.00	0.00	0.00	REJ	0	0	0	-1	fda1:29cf:3ff5:72c6:1157:2452:1b94:7d10	63820	fda1:29cf:3ff5:e895:7d15:27ff:6187:35ea	3389	00:00:17	tcp
0.000000	other	0	0	0	0.00	0.00	0.00	0	0	0.00	0.00	0.00	S0	0	0	0	-1	fda1:29cf:3ff5:d903:2111:097e:14c5:0311	56918	fda1:29cf:3ff5:36cf:7d74:2738:60ed:24c5	80	00:00:19	tcp
0.000000	other	0	0	0	0.00	0.00	1.00	2	54	1.00	1.00	1.00	S0	0	0	0	-1	fda1:29cf:3ff5:3574:05fb:0267:190f:301a	32832	fda1:29cf:3ff5:e895:7d15:27ff:6187:35ea	25	00:00:20	tcp
3.002342	other	0	0	0	0.00	0.00	1.00	0	27	0.00	0.00	1.00	S0	0	0	0	-1	fda1:29cf:3ff5:5375:0d1d:03d3:2e28:31e4	56877	fda1:29cf:3ff5:a408:7d7d:2733:612c:2f1a	25	00:00:20	tcp
0.000000	other	0	0	0	0.00	0.00	1.00	0	0	0.00	0.00	0.00	S0	0	0	0	-1	fda1:29cf:3ff5:8af2:07a3:1804:6d23:03df	55516	fda1:29cf:3ff5:d149:7de0:276d:60b7:0a0c	23	00:00:21	tcp
0.000000	other	0	0	0	0.00	0.00	1.00	0	0	0.00	0.00	0.00	S0	0	0	0	-1	fda1:29cf:3ff5:3aca:07b6:0393:2af0:6551	57029	fda1:29cf:3ff5:44bf:7d12:2742:6199:0fea	3128	00:00:22	tcp
0.000000	other	0	0	0	0.00	0.00	1.00	0	0	0.00	0.00	0.00	S0	0	0	0	-1	fda1:29cf:3ff5:c48f:2a9c:0379:5883:7154	31632	fda1:29cf:3ff5:5423:7d3b:272a:60c6:65e2	7071	00:00:24	tcp
2.456269	other	0	0	0	0.00	0.00	1.00	3	28	0.00	1.00	1.00	S0	0	0	0	-1	fda1:29cf:3ff5:3840:48f7:7c46:17b8:3155	18161	fda1:29cf:3ff5:a408:7d7d:2733:612c:2f1a	25	00:00:26	tcp
2.980884	other	0	0	0	0.00	0.00	1.00	43	43	0.00	0.91	0.91	S0	0	0	0	-1	fda1:29cf:3ff5:d804:40d8:095b:0656:09cb	1165	fda1:29cf:3ff5:d1ef:7d47:27ee:6134:0380	445	00:00:26	tcp
0.000000	other	0	0	0	0.00	0.00	1.00	0	0	0.00	0.00	0.00	S0	0	0	0	-1	fda1:29cf:3ff5:5ad6:1e94:12fb:77bb:0fff	40787	fda1:29cf:3ff5:659b:7d86:2723:07e3:1826	5900	00:00:27	tcp
2.453864	other	0	0	1	1.00	1.00	1.00	0	29	0.00	0.00	1.00	S0	0	0	0	-1	fda1:29cf:3ff5:9412:171f:2f6b:7a2d:2b35	15066	fda1:29cf:3ff5:a408:7d7d:2733:612c:2f1a	25	00:00:28	tcp
2.454217	other	0	0	2	1.00	1.00	1.00	0	30	0.00	0.00	1.00	S0	0	0	0	-1	fda1:29cf:3ff5:c439:486c:7c76:1733:27b4	48273	fda1:29cf:3ff5:a408:7d7d:2733:612c:2f1a	25	00:00:28	tcp
2.454606	other	0	0	3	1.00	1.00	1.00	0	31	0.00	0.00	1.00	S0	0	0	0	-1	fda1:29cf:3ff5:2cde:48ad:7c93:178c:7d08	12493	fda1:29cf:3ff5:a408:7d7d:2733:612c:2f1a	25	00:00:28	tcp
2.455874	other	0	0	4	1.00	1.00	1.00	0	32	0.00	0.00	1.00	S0	0	0	0	-1	fda1:29cf:3ff5:cf4a:4847:7c37:174c:491b	57618	fda1:29cf:3ff5:a408:7d7d:2733:612c:2f1a	25	00:00:28	tcp
0.000000	other	0	0	4	1.00	1.00	1.00	1	33	1.00	1.00	1.00	S0	0	0	0	-1	fda1:29cf:3ff5:5375:0d1d:03d3:2e28:31e4	56877	fda1:29cf:3ff5:a408:7d7d:2733:612c:2f1a	25	00:00:29	tcp
2.456551	other	0	0	5	1.00	1.00	1.00	0	34	0.00	0.00	1.00	S0	0	0	0	-1	fda1:29cf:3ff5:3914:49f6:11a1:01c8:19b1	25714	fda1:29cf:3ff5:a408:7d7d:2733:612c:2f1a	25	00:00:29	tcp
2.932496	other	0	0	0	0.00	0.00	1.00	0	5	0.00	0.00	1.00	S0	0	0	0	-1	fda1:29cf:3ff5:0d18:18a1:03be:033a:1252	4868	fda1:29cf:3ff5:7d62:7d5d:2769:616d:1583	445	00:00:29	tcp
3.003680	other	0	0	0	0.00	0.00	1.00	43	43	0.00	0.91	0.91	S0	0	0	0	-1	fda1:29cf:3ff5:d804:40d8:095b:0656:09cb	1387	fda1:29cf:3ff5:d1ef:7d47:27ee:6134:0380	445	00:00:30	tcp
0.000000	other	0	0	2	1.00	1.00	1.00	4	35	0.25	1.00	1.00	S0	0	0	0	-1	fda1:29cf:3ff5:3840:48f7:7c46:17b8:3155	18161	fda1:29cf:3ff5:a408:7d7d:2733:612c:2f1a	25	00:00:31	tcp
0.000000	other	0	0	0	0.00	0.00	1.00	0	0	0.00	0.00	0.00	S0	0	0	0	-1	fda1:29cf:3ff5:7765:2ad2:4568:5606:1900	65351	fda1:29cf:3ff5:0b03:7ac1:003c:5f29:3ad8	3389	00:00:31	tcp
3.040034	other	0	0	0	0.00	0.00	1.00	0	0	0.00	0.00	0.00	S0	0	0	0	-1	fda1:29cf:3ff5:f156:3b18:1be7:5c7a:1ff4	5069	fda1:29cf:3ff5:ca48:7d2a:27cd:6061:0f4f	445	00:00:31	tcp
3.054441	other	0	0	0	0.00	0.00	1.00	0	0	0.00	0.00	0.00	S0	0	0	0	-1	fda1:29cf:3ff5:4ab8:3717:3231:2746:3b64	4072	fda1:29cf:3ff5:240e:7d6e:27d9:60f1:1274	445	00:00:31	tcp
0.000000	other	0	0	0	0.00	0.00	1.00	0	0	0.00	0.00	0.00	S0	0	0	0	-1	fda1:29cf:3ff5:d9c8:4384:750a:002a:2526	6707	fda1:29cf:3ff5:7af9:7d33:2777:60af:2837	502	00:00:32	tcp
0.000279	other	0	0	1	1.00	1.00	1.00	0	0	0.00	0.00	0.00	REJ	0	0	0	-1	fda1:29cf:3ff5:fdfe:0b68:1d2c:467c:08e2	2018	fda1:29cf:3ff5:a408:7d7d:2733:612c:2f1a	37492	00:00:32	tcp
0.000000	other	0	0	2	1.00	0.50	0.83	1	36	1.00	1.00	1.00	S0	0	0	0	-1	fda1:29cf:3ff5:c439:486c:7c76:1733:27b4	48273	fda1:29cf:3ff5:a408:7d7d:2733:612c:2f1a	25	00:00:33	tcp
0.000000	other	0	0	3	1.00	0.67	0.86	1	37	1.00	1.00	1.00	S0	0	0	0	-1	fda1:29cf:3ff5:2cde:48ad:7c93:178c:7d08	12493	fda1:29cf:3ff5:a408:7d7d:2733:612c:2f1a	25	00:00:33	tcp
0.000000	other	0	0	4	1.00	0.75	0.88	1	38	1.00	1.00	1.00	S0	0	0	0	-1	fda1:29cf:3ff5:cf4a:4847:7c37:174c:491b	57618	fda1:29cf:3ff5:a408:7d7d:2733:612c:2f1a	25	00:00:33	tcp
0.000000	other	0	0	5	1.00	0.80	0.89	1	39	1.00	1.00	1.00	S0	0	0	0	-1	fda1:29cf:3ff5:9412:171f:2f6b:7a2d:2b35	15066	fda1:29cf:3ff5:a408:7d7d:2733:612c:2f1a	25	00:00:33	tcp
3.003345	other	0	0	6	1.00	0.83	0.90	1	40	0.00	1.00	1.00	S0	0	0	0	-1	fda1:29cf:3ff5:d7b5:17df:274f:02af:431f	39340	fda1:29cf:3ff5:a408:7d7d:2733:612c:2f1a	25	00:00:33	tcp
0.000000	other	0	0	6	1.00	0.83	0.86	1	41	1.00	1.00	1.00	S0	0	0	0	-1	fda1:29cf:3ff5:3914:49f6:11a1:01c8:19b1	25714	fda1:29cf:3ff5:a408:7d7d:2733:612c:2f1a	25	00:00:34	tcp
0.000000	other	0	0	0	0.00	0.00	0.88	0	0	0.00	0.00	0.00	S0	0	0	0	-1	fda1:29cf:3ff5:88e8:191f:59e6:433d:33da	33175	fda1:29cf:3ff5:dd38:7d28:2721:6057:2f39	9091	00:00:34	tcp
0.000634	dns	51	93	0	0.00	0.00	0.00	0	14	0.00	0.00	0.00	SF	0	0	0	1	fda1:29cf:3ff5:dfa8:2ccd:772b:69d9:419f	38782	fda1:29cf:3ff5:1613:7d73:2783:07e7:0f31	53	00:00:34	udp
2.942332	other	0	0	0	0.00	0.00	0.89	43	43	0.00	0.91	0.91	S0	0	0	0	-1	fda1:29cf:3ff5:d804:40d8:095b:0656:09cb	1607	fda1:29cf:3ff5:d1ef:7d47:27ee:6134:0380	445	00:00:34	tcp
99.077767	other	4896	0	0	0.00	0.00	0.90	0	61	0.00	0.00	1.00	S0	0	0	0	-1	fda1:29cf:3ff5:9a9a:17cb:00e2:27f3:5032	19073	fda1:29cf:3ff5:cd7b:7df8:279e:60d8:2bcb	6	00:00:34	udp
0.000000	other	0	0	0	0.00	0.00	1.00	0	0	0.00	0.00	0.00	S0	0	0	0	-1	fda1:29cf:3ff5:88e8:191f:59e6:433d:33da	58830	fda1:29cf:3ff5:0505:7d6b:2749:60a7:5ebb	9091	00:00:35	tcp
0.000382	dns	51	93	1	1.00	0.00	0.00	0	14	0.00	0.00	0.00	SF	0	0	0	1	fda1:29cf:3ff5:6f8d:2cb5:7704:693d:3dac	31256	fda1:29cf:3ff5:1613:7d73:2783:07e7:0f31	53	00:00:35	udp
2.454961	other	0	0	6	1.00	1.00	1.00	0	42	0.00	0.00	1.00	S0	0	0	0	-1	fda1:29cf:3ff5:c40c:4960:11e0:0175:177e	31512	fda1:29cf:3ff5:a408:7d7d:2733:612c:2f1a	25	00:00:35	tcp
2.455769	other	0	0	7	1.00	1.00	1.00	0	43	0.00	0.00	1.00	S0	0	0	0	-1	fda1:29cf:3ff5:86e1:2295:140f:0be6:2826	53538	fda1:29cf:3ff5:a408:7d7d:2733:612c:2f1a	25	00:00:35	tcp
0.000411	dns	45	199	2	1.00	0.00	0.00	0	15	0.00	0.00	0.00	SF	0	0	0	1	fda1:29cf:3ff5:270f:2cad:77bc:197a:399b	23475	fda1:29cf:3ff5:1613:7d73:2783:07e7:0f31	53	00:00:36	udp
0.000529	dns	45	199	3	1.00	0.00	0.00	1	16	0.00	0.00	0.00	SF	0	0	0	1	fda1:29cf:3ff5:270f:2cad:77bc:197a:399b	7081	fda1:29cf:3ff5:1613:7d73:2783:07e7:0f31	53	00:00:36	udp
0.000813	dns	45	87	4	1.00	0.00	0.00	2	17	0.00	0.00	0.00	SF	0	0	0	1	fda1:29cf:3ff5:270f:2cad:77bc:197a:399b	12143	fda1:29cf:3ff5:1613:7d73:2783:07e7:0f31	53	00:00:36	udp
0.000845	dns	45	199	5	1.00	0.00	0.00	3	18	0.00	0.00	0.00	SF	0	0	0	1	fda1:29cf:3ff5:270f:2cad:77bc:197a:399b	42329	fda1:29cf:3ff5:1613:7d73:2783:07e7:0f31	53	00:00:36	udp
0.000874	dns	45	199	6	1.00	0.00	0.00	4	19	0.00	0.00	0.00	SF	0	0	0	1	fda1:29cf:3ff5:270f:2cad:77bc:197a:399b	54217	fda1:29cf:3ff5:1613:7d73:2783:07e7:0f31	53	00:00:36	udp
0.001103	dns	45	199	7	1.00	0.00	0.00	5	20	0.00	0.00	0.00	SF	0	0	0	1	fda1:29cf:3ff5:270f:2cad:77bc:197a:399b	59343	fda1:29cf:3ff5:1613:7d73:2783:07e7:0f31	53	00:00:36	udp
0.000000	other	0	0	2	1.00	1.00	1.00	5	44	0.40	1.00	1.00	S0	0	0	0	-1	fda1:29cf:3ff5:3840:48f7:7c46:17b8:3155	18161	fda1:29cf:3ff5:a408:7d7d:2733:612c:2f1a	25	00:00:37	tcp
0.000000	other	0	0	0	0.00	0.00	1.00	0	0	0.00	0.00	0.00	S0	0	0	0	-1	fda1:29cf:3ff5:88e8:191f:59e6:433d:33da	35917	fda1:29cf:3ff5:4589:7d6d:27ad:6034:1fd0	9091	00:00:37	tcp
0.992872	other	0	0	0	0.00	0.00	1.00	0	5	0.00	0.00	0.00	REJ	0	0	0	-1	fda1:29cf:3ff5:9dad:0d38:03a7:183c:0305	37337	fda1:29cf:3ff5:50dd:7d3c:2782:6142:2bf8	25	00:00:37	tcp
0.000000	other	0	0	0	0.00	0.00	0.67	0	0	0.00	0.00	0.00	S0	0	0	0	-1	fda1:29cf:3ff5:f4ae:270f:25cf:31b7:154b	52710	fda1:29cf:3ff5:feaf:7d53:2761:6087:251a	80	00:00:38	tcp
2.952381	other	0	0	0	0.00	0.00	0.75	0	0	0.00	0.00	0.00	S0	0	0	0	-1	fda1:29cf:3ff5:7918:0fbf:6aab:6e12:0c02	2717	fda1:29cf:3ff5:710a:7d5c:278f:604f:002c	445	00:00:38	tcp
3.085709	other	0	0	0	0.00	0.00	0.80	43	43	0.00	0.91	0.91	S0	0	0	0	-1	fda1:29cf:3ff5:d804:40d8:095b:0656:09cb	1825	fda1:29cf:3ff5:d1ef:7d47:27ee:6134:0380	445	00:00:38	tcp
0.000000	other	0	0	0	0.00	0.00	0.83	1	1	0.00	1.00	1.00	S0	0	0	0	1	fda1:29cf:3ff5:920a:1784:2c5c:ffd8:4bf0	57041	fda1:29cf:3ff5:1613:7d73:2783:07e7:0f31	8118	00:00:39	tcp
0.000000	other	0	0	1	1.00	1.00	0.86	2	45	1.00	1.00	1.00	S0	0	0	0	-1	fda1:29cf:3ff5:c439:486c:7c76:1733:27b4	48273	fda1:29cf:3ff5:a408:7d7d:2733:612c:2f1a	25	00:00:39	tcp
0.000000	other	0	0	2	1.00	1.00	0.88	2	46	1.00	1.00	1.00	S0	0	0	0	-1	fda1:29cf:3ff5:2cde:48ad:7c93:178c:7d08	12493	fda1:29cf:3ff5:a408:7d7d:2733:612c:2f1a	25	00:00:39	tcp
0.000000	other	0	0	3	1.00	1.00	0.89	2	47	1.00	1.00	1.00	S0	0	0	0	-1	fda1:29cf:3ff5:cf4a:4847:7c37:174c:491b	57618	fda1:29cf:3ff5:a408:7d7d:2733:612c:2f1a	25	00:00:39	tcp
0.000000	other	0	0	4	1.00	1.00	0.90	2	48	1.00	1.00	1.00	S0	0	0	0	-1	fda1:29cf:3ff5:9412:171f:2f6b:7a2d:2b35	15066	fda1:29cf:3ff5:a408:7d7d:2733:612c:2f1a	25	00:00:39	tcp
0.000000	other	0	0	4	1.00	1.00	1.00	2	49	1.00	1.00	1.00	S0	0	0	0	-1	fda1:29cf:3ff5:3914:49f6:11a1:01c8:19b1	25714	fda1:29cf:3ff5:a408:7d7d:2733:612c:2f1a	25	00:00:40	tcp
0.000000	other	0	0	5	1.00	1.00	1.00	1	50	1.00	1.00	1.00	S0	0	0	0	-1	fda1:29cf:3ff5:c40c:4960:11e0:0175:177e	31512	fda1:29cf:3ff5:a408:7d7d:2733:612c:2f1a	25	00:00:40	tcp
0.000000	other	0	0	6	1.00	1.00	1.00	1	51	1.00	1.00	1.00	S0	0	0	0	-1	fda1:29cf:3ff5:86e1:2295:140f:0be6:2826	53538	fda1:29cf:3ff5:a408:7d7d:2733:612c:2f1a	25	00:00:40	tcp
0.000077	other	0	0	0	0.00	0.00	1.00	0	3	0.00	0.00	0.00	REJ	0	0	0	-1	fda1:29cf:3ff5:63e7:03bb:1534:7b96:0f5f	1317	fda1:29cf:3ff5:108a:7d7a:27a5:61a7:3779	445	00:00:40	tcp
0.000064	other	0	0	1	1.00	0.00	0.89	1	4	1.00	0.00	0.00	REJ	0	0	0	-1	fda1:29cf:3ff5:63e7:03bb:1534:7b96:0f5f	1317	fda1:29cf:3ff5:108a:7d7a:27a5:61a7:3779	445	00:00:41	tcp
0.000000	other	0	0	0	0.00	0.00	0.60	0	0	0.00	0.00	0.00	RSTOS0	0	0	0	-1	fda1:29cf:3ff5:ca8e:58d6:1b7b:2d1d:25c8	51127	fda1:29cf:3ff5:bfff:7d08:2773:60e0:70ff	48797	00:00:42	tcp
0.000000	other	0	0	0	0.00	0.00	0.50	0	0	0.00	0.00	0.00	S0	0	0	0	-1	fda1:29cf:3ff5:b67d:21a8:0900:1495:2365	41264	fda1:29cf:3ff5:a2bb:7de0:27d9:6008:1b61	80	00:00:42	tcp
0.000052	other	0	0	2	1.00	0.00	0.57	2	5	1.00	0.00	0.00	REJ	0	0	0	-1	fda1:29cf:3ff5:63e7:03bb:1534:7b96:0f5f	1317	fda1:29cf:3ff5:108a:7d7a:27a5:61a7:3779	445	00:00:42	tcp
2.924406	other	0	0	0	0.00	0.00	0.50	42	42	0.00	0.93	0.93	S0	0	0	0	-1	fda1:29cf:3ff5:d804:40d8:095b:0656:09cb	2047	fda1:29cf:3ff5:d1ef:7d47:27ee:6134:0380	445	00:00:42	tcp
0.000000	other	0	0	0	0.00	0.00	0.40	1	1	0.00	1.00	1.00	S0	0	0	0	-1	fda1:29cf:3ff5:88e8:191f:59e6:433d:33da	34231	fda1:29cf:3ff5:dd44:7d11:272d:6046:6458	9091	00:00:43	tcp
0.000028	other	0	0	0	0.00	0.00	0.50	0	3	0.00	0.00	0.00	REJ	0	0	0	-1	fda1:29cf:3ff5:63e7:03bb:1534:7b96:0f5f	1540	fda1:29cf:3ff5:e895:7d15:27ff:6187:35ea	445	00:00:43	tcp
0.000000	other	0	0	1	1.00	0.00	0.50	3	29	1.00	1.00	1.00	S0	0	0	0	-1	fda1:29cf:3ff5:3574:05fb:0267:190f:301a	32832	fda1:29cf:3ff5:e895:7d15:27ff:6187:35ea	25	00:00:44	tcp
0.000052	other	0	0	2	1.00	0.50	0.57	1	4	1.00	0.00	0.00	REJ	0	0	0	-1	fda1:29cf:3ff5:63e7:03bb:1534:7b96:0f5f	1540	fda1:29cf:3ff5:e895:7d15:27ff:6187:35ea	445	00:00:44	tcp
0.000062	other	0	0	3	1.00	0.33	0.50	2	5	1.00	0.00	0.00	REJ	0	0	0	-1	fda1:29cf:3ff5:63e7:03bb:1534:7b96:0f5f	1540	fda1:29cf:3ff5:e895:7d15:27ff:6187:35ea	445	00:00:45	tcp
2.889735	other	0	0	0	0.00	0.00	0.40	0	0	0.00	0.00	0.00	S0	0	0	0	-1	fda1:29cf:3ff5:c60c:46c1:37ee:0fec:0245	4632	fda1:29cf:3ff5:4a11:7d5a:27d9:60ff:076f	445	00:00:45	tcp
0.000000	other	0	0	0	0.00	0.00	0.50	0	0	0.00	0.00	0.00	RSTOS0	0	0	0	-1	fda1:29cf:3ff5:ca8e:58d6:1b7b:2d1d:25c8	51127	fda1:29cf:3ff5:58c8:7d4c:27d5:60dc:44f4	49531	00:00:46	tcp
0.000000	other	0	0	0	0.00	0.00	0.40	2	52	1.00	1.00	1.00	S0	0	0	0	-1	fda1:29cf:3ff5:c40c:4960:11e0:0175:177e	31512	fda1:29cf:3ff5:a408:7d7d:2733:612c:2f1a	25	00:00:46	tcp
0.000000	other	0	0	1	1.00	1.00	0.50	2	53	1.00	1.00	1.00	S0	0	0	0	-1	fda1:29cf:3ff5:86e1:2295:140f:0be6:2826	53538	fda1:29cf:3ff5:a408:7d7d:2733:612c:2f1a	25	00:00:46	tcp
0.000047	other	0	0	0	0.00	0.00	0.57	0	3	0.00	0.00	0.00	REJ	0	0	0	-1	fda1:29cf:3ff5:63e7:03bb:1534:7b96:0f5f	1774	fda1:29cf:3ff5:53b7:7d8a:27e6:61cb:33c3	445	00:00:46	tcp
2.976621	other	0	0	0	0.00	0.00	0.50	42	42	0.00	0.93	0.93	S0	0	0	0	-1	fda1:29cf:3ff5:d804:40d8:095b:0656:09cb	2262	fda1:29cf:3ff5:d1ef:7d47:27ee:6134:0380	445	00:00:46	tcp
0.000005	other	0	0	1	1.00	0.00	0.57	1	4	1.00	0.00	0.00	REJ	0	0	0	-1	fda1:29cf:3ff5:63e7:03bb:1534:7b96:0f5f	1774	fda1:29cf:3ff5:53b7:7d8a:27e6:61cb:33c3	445	00:00:47	tcp
0.000061	other	0	0	2	1.00	0.00	0.50	2	5	1.00	0.00	0.00	REJ	0	0	0	-1	fda1:29cf:3ff5:63e7:03bb:1534:7b96:0f5f	1774	fda1:29cf:3ff5:53b7:7d8a:27e6:61cb:33c3	445	00:00:47	tcp
2.929157	other	0	0	0	0.00	0.00	0.44	0	0	0.00	0.00	0.00	S0	0	0	0	-1	fda1:29cf:3ff5:7d94:03a3:3706:179f:7477	3415	fda1:29cf:3ff5:354d:7dbd:27f5:607e:13fd	445	00:00:47	tcp
0.000000	other	0	0	2	1.00	1.00	0.50	6	54	0.50	1.00	1.00	S0	0	0	0	-1	fda1:29cf:3ff5:3840:48f7:7c46:17b8:3155	18161	fda1:29cf:3ff5:a408:7d7d:2733:612c:2f1a	25	00:00:48	tcp
2.454588	other	0	0	0	0.00	0.00	0.56	0	28	0.00	0.00	1.00	S0	0	0	0	-1	fda1:29cf:3ff5:1992:17bb:2f1a:7a44:05d2	51366	fda1:29cf:3ff5:e895:7d15:27ff:6187:35ea	25	00:00:48	tcp
0.000000	other	0	0	0	0.00	0.00	0.60	0	0	0.00	0.00	0.00	S0	0	0	0	-1	fda1:29cf:3ff5:8a9b:213d:5940:33b7:615d	27713	fda1:29cf:3ff5:18c6:7dab:27d2:608f:5ffb	2435	00:00:49	udp
0.000060	other	0	0	0	0.00	0.00	0.67	0	3	0.00	0.00	0.00	REJ	0	0	0	-1	fda1:29cf:3ff5:63e7:03bb:1534:7b96:0f5f	2007	fda1:29cf:3ff5:fbda:7d9b:2715:6178:3175	445	00:00:49	tcp
2.997268	other	0	0	1	1.00	0.00	0.57	0	8	0.00	0.00	1.00	S0	0	0	0	-1	fda1:29cf:3ff5:d193:21f5:4542:3699:687b	35500	fda1:29cf:3ff5:fbda:7d9b:2715:6178:3175	25	00:00:49	tcp
0.000000	other	0	0	1	1.00	1.00	0.80	3	55	1.00	1.00	1.00	S0	0	0	0	-1	fda1:29cf:3ff5:c439:486c:7c76:1733:27b4	48273	fda1:29cf:3ff5:a408:7d7d:2733:612c:2f1a	25	00:00:50	tcp
0.000000	other	0	0	2	1.00	1.00	0.83	3	56	1.00	1.00	1.00	S0	0	0	0	-1	fda1:29cf:3ff5:2cde:48ad:7c93:178c:7d08	12493	fda1:29cf:3ff5:a408:7d7d:2733:612c:2f1a	25	00:00:50	tcp
0.000000	other	0	0	3	1.00	1.00	0.86	3	57	1.00	1.00	1.00	S0	0	0	0	-1	fda1:29cf:3ff5:cf4a:4847:7c37:174c:491b	57618	fda1:29cf:3ff5:a408:7d7d:2733:612c:2f1a	25	00:00:50	tcp
0.000000	other	0	0	4	1.00	1.00	0.88	3	58	1.00	1.00	1.00	S0	0	0	0	-1	fda1:29cf:3ff5:9412:171f:2f6b:7a2d:2b35	15066	fda1:29cf:3ff5:a408:7d7d:2733:612c:2f1a	25	00:00:50	tcp
0.000048	other	0	0	5	1.00	1.00	0.89	2	5	0.00	0.00	0.00	REJ	0	0	0	-1	fda1:29cf:3ff5:5526:2205:14e7:0bc1:0365	36197	fda1:29cf:3ff5:a408:7d7d:2733:612c:2f1a	80	00:00:50	tcp
0.000052	other	0	0	2	1.00	0.50	0.80	1	4	1.00	0.00	0.00	REJ	0	0	0	-1	fda1:29cf:3ff5:63e7:03bb:1534:7b96:0f5f	2007	fda1:29cf:3ff5:fbda:7d9b:2715:6178:3175	445	00:00:50	tcp
0.000064	other	0	0	3	1.00	0.33	0.73	2	5	1.00	0.00	0.00	REJ	0	0	0	-1	fda1:29cf:3ff5:63e7:03bb:1534:7b96:0f5f	2007	fda1:29cf:3ff5:fbda:7d9b:2715:6178:3175	445	00:00:50	tcp
2.921467	other	0	0	0	0.00	0.00	0.67	41	41	0.00	0.93	0.93	S0	0	0	0	-1	fda1:29cf:3ff5:d804:40d8:095b:0656:09cb	2487	fda1:29cf:3ff5:d1ef:7d47:27ee:6134:0380	445	00:00:50	tcp
2.999411	other	0	0	4	1.00	0.25	0.69	0	8	0.00	0.00	1.00	S0	0	0	0	-1	fda1:29cf:3ff5:4a75:039a:1535:5b6b:2180	63300	fda1:29cf:3ff5:fbda:7d9b:2715:6178:3175	25	00:00:50	tcp
0.000000	other	0	0	5	1.00	0.80	0.67	3	59	1.00	1.00	1.00	S0	0	0	0	-1	fda1:29cf:3ff5:3914:49f6:11a1:01c8:19b1	25714	fda1:29cf:3ff5:a408:7d7d:2733:612c:2f1a	25	00:00:51	tcp
0.000021	other	708	0	0	0.00	0.00	0.69	0	1	0.00	0.00	1.00	S0	0	0	0	-1	fda1:29cf:3ff5:956b:4592:099d:0350:0327	27015	fda1:29cf:3ff5:5a65:7dac:2735:6054:031a	27015	00:00:51	udp
0.000000	other	0	0	0	0.00	0.00	0.73	0	0	0.00	0.00	0.00	S0	0	0	0	-1	fda1:29cf:3ff5:1118:474f:2d74:74d8:27f7	39282	fda1:29cf:3ff5:8e9a:7d21:2779:6076:0b60	80	00:00:52	tcp
0.000061	other	0	0	6	1.00	0.83	0.75	0	0	0.00	0.00	0.00	REJ	0	0	0	-1	fda1:29cf:3ff5:63e7:03bb:1534:7b96:0f5f	2247	fda1:29cf:3ff5:a408:7d7d:2733:612c:2f1a	445	00:00:52	tcp
0.000268	other	0	0	7	1.00	0.71	0.69	1	1	1.00	0.00	0.00	REJ	0	0	0	-1	fda1:29cf:3ff5:63e7:03bb:1534:7b96:0f5f	2247	fda1:29cf:3ff5:a408:7d7d:2733:612c:2f1a	445	00:00:52	tcp
2.998088	other	0	0	0	0.00	0.00	0.64	0	23	0.00	0.00	1.00	S0	0	0	0	-1	fda1:29cf:3ff5:580b:3b9b:0358:2bee:35a7	7084	fda1:29cf:3ff5:e895:7d15:27ff:6187:35ea	25	00:00:52	tcp
3.001328	other	0	0	0	0.00	0.00	0.67	0	1	0.00	0.00	1.00	S0	0	0	0	-1	fda1:29cf:3ff5:f2ba:1e73:231f:27e4:3375	41497	fda1:29cf:3ff5:36c0:7d6d:27a3:6108:2d3d	25	00:00:52	tcp
0.000059	other	0	0	3	1.00	0.33	0.71	2	2	1.00	0.00	0.00	REJ	0	0	0	-1	fda1:29cf:3ff5:63e7:03bb:1534:7b96:0f5f	2247	fda1:29cf:3ff5:a408:7d7d:2733:612c:2f1a	445	00:00:53	tcp
3.045698	other	0	0	0	0.00	0.00	0.62	0	0	0.00	0.00	0.00	S0	0	0	0	-1	fda1:29cf:3ff5:ecd5:684d:ffe0:00f4:61a8	2059	fda1:29cf:3ff5:9673:7d6c:2765:61c1:0025	445	00:00:53	tcp
0.000000	other	0	0	1	1.00	1.00	0.57	1	23	1.00	1.00	1.00	S0	0	0	0	-1	fda1:29cf:3ff5:1992:17bb:2f1a:7a44:05d2	51366	fda1:29cf:3ff5:e895:7d15:27ff:6187:35ea	25	00:00:54	tcp
0.000057	other	0	0	1	1.00	1.00	0.62	0	3	0.00	0.00	0.00	REJ	0	0	0	-1	fda1:29cf:3ff5:63e7:03bb:1534:7b96:0f5f	2480	fda1:29cf:3ff5:36c0:7d6d:27a3:6108:2d3d	445	00:00:54	tcp
3.050477	other	0	0	0	0.00	0.00	0.56	39	39	0.00	0.92	0.92	S0	0	0	0	-1	fda1:29cf:3ff5:d804:40d8:095b:0656:09cb	2710	fda1:29cf:3ff5:d1ef:7d47:27ee:6134:0380	445	00:00:54	tcp
0.000046	other	0	0	1	1.00	0.00	0.60	1	4	1.00	0.00	0.00	REJ	0	0	0	-1	fda1:29cf:3ff5:63e7:03bb:1534:7b96:0f5f	2480	fda1:29cf:3ff5:36c0:7d6d:27a3:6108:2d3d	445	00:00:55	tcp
0.000000	other	0	0	0	0.00	0.00	0.50	0	0	0.00	0.00	0.00	RSTRH	0	0	0	-1	fda1:29cf:3ff5:0ba3:7d8d:2756:60f2:0038	51066	fda1:29cf:3ff5:305d:29bc:482b:0914:1951	80	00:00:56	tcp
0.000000	other	0	0	2	1.00	0.00	0.40	0	0	0.00	0.00	0.00	RSTOS0	0	0	0	-1	fda1:29cf:3ff5:ca8e:58d6:1b7b:2d1d:25c8	51127	fda1:29cf:3ff5:36c0:7d6d:27a3:6108:2d3d	43130	00:00:56	tcp
0.000047	other	0	0	3	1.00	0.00	0.33	2	5	1.00	0.00	0.00	REJ	0	0	0	-1	fda1:29cf:3ff5:63e7:03bb:1534:7b96:0f5f	2480	fda1:29cf:3ff5:36c0:7d6d:27a3:6108:2d3d	445	00:00:56	tcp
2.884921	other	0	0	0	0.00	0.00	0.29	0	0	0.00	0.00	0.00	S0	0	0	0	-1	fda1:29cf:3ff5:dcad:071a:092c:7c71:4c9d	2371	fda1:29cf:3ff5:9a44:7d13:27a3:6098:3510	445	00:00:56	tcp
2.962263	other	0	0	0	0.00	0.00	0.38	0	0	0.00	0.00	0.00	S0	0	0	0	-1	fda1:29cf:3ff5:0df5:193d:5b1f:1a2d:0318	4952	fda1:29cf:3ff5:972a:7de0:2798:609f:039e	445	00:00:56	tcp
0.000000	other	0	0	0	0.00	0.00	0.33	3	59	1.00	1.00	1.00	S0	0	0	0	-1	fda1:29cf:3ff5:c40c:4960:11e0:0175:177e	31512	fda1:29cf:3ff5:a408:7d7d:2733:612c:2f1a	25	00:00:57	tcp
0.000000	other	0	0	1	1.00	1.00	0.43	3	60	1.00	1.00	1.00	S0	0	0	0	-1	fda1:29cf:3ff5:86e1:2295:140f:0be6:2826	53538	fda1:29cf:3ff5:a408:7d7d:2733:612c:2f1a	25	00:00:57	tcp
0.000050	other	0	0	0	0.00	0.00	0.50	0	0	0.00	0.00	0.00	REJ	0	0	0	-1	fda1:29cf:3ff5:63e7:03bb:1534:7b96:0f5f	2718	fda1:29cf:3ff5:50dd:7d3c:2782:6142:2bf8	445	00:00:57	tcp
0.000000	other	0	0	0	0.00	0.00	0.50	1	8	1.00	1.00	1.00	S0	0	0	0	-1	fda1:29cf:3ff5:d193:21f5:4542:3699:687b	35500	fda1:29cf:3ff5:fbda:7d9b:2715:6178:3175	25	00:00:58	tcp
0.000033	other	0	0	1	1.00	0.00	0.56	1	1	1.00	0.00	0.00	REJ	0	0	0	-1	fda1:29cf:3ff5:63e7:03bb:1534:7b96:0f5f	2718	fda1:29cf:3ff5:50dd:7d3c:2782:6142:2bf8	445	00:00:58	tcp
2.897163	other	0	0	0	0.00	0.00	0.50	35	35	0.00	0.91	0.91	S0	0	0	0	-1	fda1:29cf:3ff5:d804:40d8:095b:0656:09cb	2916	fda1:29cf:3ff5:d1ef:7d47:27ee:6134:0380	445	00:00:58	tcp
0.000000	other	0	0	0	0.00	0.00	0.67	1	1	1.00	1.00	1.00	S0	0	0	0	-1	fda1:29cf:3ff5:f2ba:1e73:231f:27e4:3375	41497	fda1:29cf:3ff5:36c0:7d6d:27a3:6108:2d3d	25	00:00:59	tcp
0.000000	other	0	0	0	0.00	0.00	0.71	2	22	1.00	1.00	1.00	S0	0	0	0	-1	fda1:29cf:3ff5:1992:17bb:2f1a:7a44:05d2	51366	fda1:29cf:3ff5:e895:7d15:27ff:6187:35ea	25	00:00:59	tcp
0.000062	other	0	0	2	1.00	0.00	0.75	2	2	1.00	0.00	0.00	REJ	0	0	0	-1	fda1:29cf:3ff5:63e7:03bb:1534:7b96:0f5f	2718	fda1:29cf:3ff5:50dd:7d3c:2782:6142:2bf8	445	00:00:59	tcp
0.000000	other	0	0	0	0.00	0.00	0.67	0	2	0.00	0.00	1.00	S0	0	0	0	-1	fda1:29cf:3ff5:0222:5696:1aae:0053:4b52	41590	fda1:29cf:3ff5:32d7:7d81:278f:6035:38a8	80	00:01:00	tcp
3.000058	other	0	0	1	1.00	1.00	0.71	0	22	0.00	0.00	1.00	S0	0	0	0	-1	fda1:29cf:3ff5:b14b:0349:3f36:3b17:189b	59124	fda1:29cf:3ff5:e895:7d15:27ff:6187:35ea	25	00:01:00	tcp
0.000000	other	0	0	2	1.00	1.00	0.80	1	22	1.00	1.00	1.00	S0	0	0	0	-1	fda1:29cf:3ff5:580b:3b9b:0358:2bee:35a7	7084	fda1:29cf:3ff5:e895:7d15:27ff:6187:35ea	25	00:01:01	tcp
3.014450	other	0	0	0	0.00	0.00	0.83	0	1	0.00	0.00	0.00	REJ	0	0	0	-1	fda1:29cf:3ff5:9245:15cd:10fb:381d:4425	60402	fda1:29cf:3ff5:53b7:7d8a:27e6:61cb:33c3	25	00:01:01	tcp
2.971211	other	0	0	0	0.00	0.00	0.75	0	0	0.00	0.00	0.00	S0	0	0	0	-1	fda1:29cf:3ff5:30d0:2b71:1e53:2a42:2bd7	4440	fda1:29cf:3ff5:fa58:7d47:27f2:605e:3c07	445	00:01:02	tcp
4.124083	other	128	209	0	0.00	0.00	0.80	35	35	0.00	0.94	0.94	SF	0	0	0	-1	fda1:29cf:3ff5:d804:40d8:095b:0656:09cb	3141	fda1:29cf:3ff5:d1ef:7d47:27ee:6134:0380	445	00:01:02	tcp
0.000068	other	0	0	0	0.00	0.00	0.00	1	2	1.00	0.00	0.00	REJ	0	0	0	-1	fda1:29cf:3ff5:9245:15cd:10fb:381d:4425	60402	fda1:29cf:3ff5:53b7:7d8a:27e6:61cb:33c3	25	00:01:05	tcp
2.969627	other	0	0	0	0.00	0.00	0.00	91	97	0.00	1.00	0.94	S0	0	0	0	-1	fda1:29cf:3ff5:d804:40d8:095b:0656:09cb	3369	fda1:29cf:3ff5:d1ef:7d47:27ee:6134:0380	139	00:01:06	tcp
2.974233	other	0	0	1	1.00	1.00	0.50	91	97	0.00	1.00	0.94	S0	0	0	0	-1	fda1:29cf:3ff5:d804:40d8:095b:0656:09cb	3368	fda1:29cf:3ff5:d1ef:7d47:27ee:6134:0380	139	00:01:06	tcp
2.981396	other	0	0	2	1.00	1.00	0.67	36	36	0.00	0.92	0.92	S0	0	0	0	-1	fda1:29cf:3ff5:d804:40d8:095b:0656:09cb	3366	fda1:29cf:3ff5:d1ef:7d47:27ee:6134:0380	445	00:01:06	tcp
0.000000	other	0	0	0	0.00	0.00	0.75	1	3	1.00	1.00	1.00	S0	0	0	0	-1	fda1:29cf:3ff5:0222:5696:1aae:0053:4b52	41590	fda1:29cf:3ff5:32d7:7d81:278f:6035:38a8	80	00:01:07	tcp
0.000000	other	0	0	0	0.00	0.00	0.80	2	2	1.00	1.00	1.00	S0	0	0	0	-1	fda1:29cf:3ff5:f2ba:1e73:231f:27e4:3375	41497	fda1:29cf:3ff5:36c0:7d6d:27a3:6108:2d3d	25	00:01:07	tcp
0.000000	other	0	0	0	0.00	0.00	1.00	0	0	0.00	0.00	0.00	S0	0	0	0	-1	fda1:29cf:3ff5:88e8:191f:59e6:433d:33da	58921	fda1:29cf:3ff5:b12f:7d81:273a:603f:29c3	9091	00:01:08	tcp
0.000000	other	0	0	0	0.00	0.00	1.00	0	0	0.00	0.00	0.00	S0	0	0	0	-1	fda1:29cf:3ff5:d87b:2a9e:03a0:6153:5963	34680	fda1:29cf:3ff5:19ae:7d95:27c0:6010:3b15	2480	00:01:08	tcp
3.005420	other	0	0	0	0.00	0.00	1.00	1	58	0.00	1.00	1.00	S0	0	0	0	-1	fda1:29cf:3ff5:d7b5:17df:274f:02af:431f	21895	fda1:29cf:3ff5:a408:7d7d:2733:612c:2f1a	25	00:01:08	tcp
0.000000	other	0	0	0	0.00	0.00	1.00	1	22	1.00	1.00	1.00	S0	0	0	0	-1	fda1:29cf:3ff5:b14b:0349:3f36:3b17:189b	59124	fda1:29cf:3ff5:e895:7d15:27ff:6187:35ea	25	00:01:09	tcp
0.000000	other	0	0	0	0.00	0.00	1.00	0	0	0.00	0.00	0.00	S0	0	0	0	-1	fda1:29cf:3ff5:d78d:7216:2bed:0df8:3f1e	41590	fda1:29cf:3ff5:c5f9:7db6:275b:60af:0b78	80	00:01:10	tcp
0.000000	other	0	0	1	1.00	1.00	1.00	7	58	0.57	1.00	1.00	S0	0	0	0	-1	fda1:29cf:3ff5:3840:48f7:7c46:17b8:3155	18161	fda1:29cf:3ff5:a408:7d7d:2733:612c:2f1a	25	00:01:10	tcp
0.000000	other	0	0	0	0.00	0.00	1.00	1	1	0.00	1.00	1.00	S0	0	0	0	-1	fda1:29cf:3ff5:88e8:191f:59e6:433d:33da	54875	fda1:29cf:3ff5:cfaf:7d21:2719:602b:0f5c	9091	00:01:10	tcp
0.000000	other	0	0	0	0.00	0.00	1.00	0	0	0.00	0.00	0.00	S0	0	0	0	-1	fda1:29cf:3ff5:1c33:39c2:0f1a:13ce:1122	31632	fda1:29cf:3ff5:31ce:7d0e:27ec:6035:0079	8139	00:01:10	tcp
0.000000	sip	0	0	0	0.00	0.00	0.00	0	0	0.00	0.00	0.00	S0	0	0	0	-1	fda1:29cf:3ff5:275d:0769:2d02:6278:53b2	5089	fda1:29cf:3ff5:108a:7d7a:27a5:61a7:3779	15061	00:01:11	udp
0.000000	sip	0	0	1	1.00	1.00	1.00	0	0	0.00	0.00	0.00	S0	0	0	0	-1	fda1:29cf:3ff5:275d:0769:2d02:6278:53b2	5089	fda1:29cf:3ff5:108a:7d7a:27a5:61a7:3779	15062	00:01:11	udp
0.000000	sip	0	0	1	0.00	1.00	1.00	0	0	0.00	0.00	0.00	S0	0	0	0	-1	fda1:29cf:3ff5:275d:0769:2d02:6278:53b2	5089	fda1:29cf:3ff5:e895:7d15:27ff:6187:35ea	15061	00:01:11	udp
0.000000	sip	0	0	2	0.50	1.00	1.00	0	0	0.00	0.00	0.00	S0	0	0	0	-1	fda1:29cf:3ff5:275d:0769:2d02:6278:53b2	5089	fda1:29cf:3ff5:e895:7d15:27ff:6187:35ea	15062	00:01:11	udp
0.000000	sip	0	0	0	0.00	0.00	1.00	0	0	0.00	0.00	0.00	S0	0	0	0	-1	fda1:29cf:3ff5:275d:0769:2d02:6278:53b2	5089	fda1:29cf:3ff5:53b7:7d8a:27e6:61cb:33c3	15061	00:01:11	udp
0.000000	sip	0	0	0	0.00	0.00	1.00	0	0	0.00	0.00	0.00	S0	0	0	0	-1	fda1:29cf:3ff5:275d:0769:2d02:6278:53b2	5089	fda1:29cf:3ff5:9673:7d6c:2765:61c1:0025	15061	00:01:11	udp
0.000000	sip	0	0	1	1.00	1.00	1.00	0	0	0.00	0.00	0.00	S0	0	0	0	-1	fda1:29cf:3ff5:275d:0769:2d02:6278:53b2	5089	fda1:29cf:3ff5:9673:7d6c:2765:61c1:0025	15062	00:01:11	udp
0.000000	sip	0	0	0	0.00	0.00	1.00	0	0	0.00	0.00	0.00	S0	0	0	0	-1	fda1:29cf:3ff5:275d:0769:2d02:6278:53b2	5089	fda1:29cf:3ff5:d1ef:7d47:27ee:6134:0380	15061	00:01:11	udp
0.000000	sip	0	0	1	1.00	1.00	1.00	0	0	0.00	0.00	0.00	S0	0	0	0	-1	fda1:29cf:3ff5:275d:0769:2d02:6278:53b2	5089	fda1:29cf:3ff5:d1ef:7d47:27ee:6134:0380	15062	00:01:11	udp
0.000000	sip	0	0	0	0.00	0.00	1.00	0	0	0.00	0.00	0.00	S0	0	0	0	-1	fda1:29cf:3ff5:275d:0769:2d02:6278:53b2	5089	fda1:29cf:3ff5:9e4f:7d5b:2766:61b3:0dd2	15061	00:01:11	udp
0.000000	sip	0	0	1	1.00	1.00	1.00	0	0	0.00	0.00	0.00	S0	0	0	0	-1	fda1:29cf:3ff5:275d:0769:2d02:6278:53b2	5089	fda1:29cf:3ff5:9e4f:7d5b:2766:61b3:0dd2	15062	00:01:11	udp
0.000000	sip	0	0	0	0.00	0.00	1.00	0	0	0.00	0.00	0.00	S0	0	0	0	-1	fda1:29cf:3ff5:275d:0769:2d02:6278:53b2	5089	fda1:29cf:3ff5:7d62:7d5d:2769:616d:1583	15061	00:01:11	udp
0.000000	sip	0	0	1	1.00	1.00	1.00	0	0	0.00	0.00	0.00	S0	0	0	0	-1	fda1:29cf:3ff5:275d:0769:2d02:6278:53b2	5089	fda1:29cf:3ff5:7d62:7d5d:2769:616d:1583	15062	00:01:11	udp
0.000000	sip	0	0	0	0.00	0.00	1.00	0	0	0.00	0.00	0.00	S0	0	0	0	-1	fda1:29cf:3ff5:275d:0769:2d02:6278:53b2	5089	fda1:29cf:3ff5:8f7b:7d31:27ee:61a6:2d62	15061	00:01:11	udp
0.000000	sip	0	0	1	1.00	1.00	1.00	0	0	0.00	0.00	0.00	S0	0	0	0	-1	fda1:29cf:3ff5:275d:0769:2d02:6278:53b2	5089	fda1:29cf:3ff5:8f7b:7d31:27ee:61a6:2d62	15062	00:01:11	udp
0.000000	sip	0	0	0	0.00	0.00	1.00	0	0	0.00	0.00	0.00	S0	0	0	0	-1	fda1:29cf:3ff5:275d:0769:2d02:6278:53b2	5089	fda1:29cf:3ff5:a837:7db2:2797:6116:2a32	15061	00:01:11	udp
0.000000	sip	0	0	1	1.00	1.00	1.00	0	0	0.00	0.00	0.00	S0	0	0	0	-1	fda1:29cf:3ff5:275d:0769:2d02:6278:53b2	5089	fda1:29cf:3ff5:a837:7db2:2797:6116:2a32	15062	00:01:11	udp
0.000000	other	0	0	1	1.00	1.00	1.00	4	58	1.00	1.00	1.00	S0	0	0	0	-1	fda1:29cf:3ff5:c439:486c:7c76:1733:27b4	48273	fda1:29cf:3ff5:a408:7d7d:2733:612c:2f1a	25	00:01:12	tcp
0.000000	other	0	0	2	1.00	1.00	1.00	4	58	1.00	1.00	1.00	S0	0	0	0	-1	fda1:29cf:3ff5:2cde:48ad:7c93:178c:7d08	12493	fda1:29cf:3ff5:a408:7d7d:2733:612c:2f1a	25	00:01:12	tcp
0.000000	other	0	0	3	1.00	1.00	1.00	4	59	1.00	1.00	1.00	S0	0	0	0	-1	fda1:29cf:3ff5:cf4a:4847:7c37:174c:491b	57618	fda1:29cf:3ff5:a408:7d7d:2733:612c:2f1a	25	00:01:12	tcp
0.000000	other	0	0	0	0.00	0.00	1.00	0	0	0.00	0.00	0.00	S0	0	0	0	-1	fda1:29cf:3ff5:88e8:191f:59e6:433d:33da	35750	fda1:29cf:3ff5:cb03:7d62:27f2:60b3:06e7	9091	00:01:12	tcp
0.000000	other	0	0	4	1.00	1.00	1.00	4	59	1.00	1.00	1.00	S0	0	0	0	-1	fda1:29cf:3ff5:9412:171f:2f6b:7a2d:2b35	15066	fda1:29cf:3ff5:a408:7d7d:2733:612c:2f1a	25	00:01:12	tcp
0.000000	sip	0	0	1	1.00	1.00	1.00	0	0	0.00	0.00	0.00	S0	0	0	0	-1	fda1:29cf:3ff5:275d:0769:2d02:6278:53b2	5089	fda1:29cf:3ff5:53b7:7d8a:27e6:61cb:33c3	15062	00:01:12	udp
0.000000	sip	0	0	0	0.00	0.00	1.00	0	0	0.00	0.00	0.00	S0	0	0	0	-1	fda1:29cf:3ff5:275d:0769:2d02:6278:53b2	5089	fda1:29cf:3ff5:fbda:7d9b:2715:6178:3175	15061	00:01:12	udp
0.000000	sip	0	0	1	1.00	1.00	1.00	0	0	0.00	0.00	0.00	S0	0	0	0	-1	fda1:29cf:3ff5:275d:0769:2d02:6278:53b2	5089	fda1:29cf:3ff5:fbda:7d9b:2715:6178:3175	15062	00:01:12	udp
0.000000	sip	0	0	5	0.00	1.00	1.00	0	0	0.00	0.00	0.00	S0	0	0	0	-1	fda1:29cf:3ff5:275d:0769:2d02:6278:53b2	5089	fda1:29cf:3ff5:a408:7d7d:2733:612c:2f1a	15061	00:01:12	udp
0.000000	sip	0	0	6	0.17	1.00	1.00	0	0	0.00	0.00	0.00	S0	0	0	0	-1	fda1:29cf:3ff5:275d:0769:2d02:6278:53b2	5089	fda1:29cf:3ff5:a408:7d7d:2733:612c:2f1a	15062	00:01:12	udp
0.000000	sip	0	0	0	0.00	0.00	1.00	0	0	0.00	0.00	0.00	S0	0	0	0	-1	fda1:29cf:3ff5:275d:0769:2d02:6278:53b2	5089	fda1:29cf:3ff5:36c0:7d6d:27a3:6108:2d3d	15061	00:01:12	udp
0.000000	sip	0	0	1	1.00	1.00	1.00	0	0	0.00	0.00	0.00	S0	0	0	0	-1	fda1:29cf:3ff5:275d:0769:2d02:6278:53b2	5089	fda1:29cf:3ff5:36c0:7d6d:27a3:6108:2d3d	15062	00:01:12	udp
0.000000	sip	0	0	0	0.00	0.00	1.00	0	0	0.00	0.00	0.00	S0	0	0	0	-1	fda1:29cf:3ff5:275d:0769:2d02:6278:53b2	5089	fda1:29cf:3ff5:50dd:7d3c:2782:6142:2bf8	15061	00:01:12	udp
0.000000	sip	0	0	1	1.00	1.00	1.00	0	0	0.00	0.00	0.00	S0	0	0	0	-1	fda1:29cf:3ff5:275d:0769:2d02:6278:53b2	5089	fda1:29cf:3ff5:50dd:7d3c:2782:6142:2bf8	15062	00:01:12	udp
0.000000	sip	0	0	0	0.00	0.00	1.00	0	0	0.00	0.00	0.00	S0	0	0	0	-1	fda1:29cf:3ff5:275d:0769:2d02:6278:53b2	5089	fda1:29cf:3ff5:44bf:7d12:2742:6199:0fea	15061	00:01:12	udp
0.000000	sip	0	0	1	1.00	1.00	1.00	0	0	0.00	0.00	0.00	S0	0	0	0	-1	fda1:29cf:3ff5:275d:0769:2d02:6278:53b2	5089	fda1:29cf:3ff5:44bf:7d12:2742:6199:0fea	15062	00:01:12	udp
0.000098	dns	56	103	2	0.00	1.00	0.00	1	52	0.00	0.00	0.00	SF	0	0	0	-1	fda1:29cf:3ff5:a44a:19ea:0562:68ef:047e	21672	fda1:29cf:3ff5:108a:7d7a:27a5:61a7:3779	53	00:01:12	udp
0.000108	dns	58	105	3	0.33	0.67	0.00	4	52	0.00	0.00	0.00	SF	0	0	0	-1	fda1:29cf:3ff5:8969:19c3:059f:689b:038c	57755	fda1:29cf:3ff5:108a:7d7a:27a5:61a7:3779	53	00:01:12	udp
0.000148	dns	56	103	4	0.50	0.50	0.00	2	52	0.00	0.00	0.00	SF	0	0	0	-1	fda1:29cf:3ff5:1b26:0b1b:0b72:17e8:5afa	60292	fda1:29cf:3ff5:108a:7d7a:27a5:61a7:3779	53	00:01:12	udp
0.000000	other	0	0	6	0.67	1.00	1.00	4	59	1.00	1.00	1.00	S0	0	0	0	-1	fda1:29cf:3ff5:3914:49f6:11a1:01c8:19b1	25714	fda1:29cf:3ff5:a408:7d7d:2733:612c:2f1a	25	00:01:13	tcp
0.000000	other	0	0	2	0.00	1.00	1.00	2	23	1.00	1.00	1.00	S0	0	0	0	-1	fda1:29cf:3ff5:580b:3b9b:0358:2bee:35a7	7084	fda1:29cf:3ff5:e895:7d15:27ff:6187:35ea	25	00:01:13	tcp
0.000000	sip	0	0	0	0.00	0.00	1.00	0	0	0.00	0.00	0.00	S0	0	0	0	-1	fda1:29cf:3ff5:275d:0769:2d02:6278:53b2	5089	fda1:29cf:3ff5:65c5:7d53:279a:6168:377a	15061	00:01:13	udp
0.000000	sip	0	0	1	1.00	1.00	1.00	0	0	0.00	0.00	0.00	S0	0	0	0	-1	fda1:29cf:3ff5:275d:0769:2d02:6278:53b2	5089	fda1:29cf:3ff5:65c5:7d53:279a:6168:377a	15062	00:01:13	udp
0.000000	sip	0	0	0	0.00	0.00	1.00	0	0	0.00	0.00	0.00	S0	0	0	0	-1	fda1:29cf:3ff5:275d:0769:2d02:6278:53b2	5089	fda1:29cf:3ff5:3a19:7d9c:27f0:6155:23f1	15061	00:01:13	udp
0.000000	sip	0	0	1	1.00	1.00	1.00	0	0	0.00	0.00	0.00	S0	0	0	0	-1	fda1:29cf:3ff5:275d:0769:2d02:6278:53b2	5089	fda1:29cf:3ff5:3a19:7d9c:27f0:6155:23f1	15062	00:01:13	udp
0.000000	sip	0	0	0	0.00	0.00	1.00	0	0	0.00	0.00	0.00	S0	0	0	0	-1	fda1:29cf:3ff5:275d:0769:2d02:6278:53b2	5089	fda1:29cf:3ff5:0042:7d17:2758:603e:0095	15061	00:01:13	udp
0.000000	sip	0	0	1	1.00	1.00	1.00	0	0	0.00	0.00	0.00	S0	0	0	0	-1	fda1:29cf:3ff5:275d:0769:2d02:6278:53b2	5089	fda1:29cf:3ff5:0042:7d17:2758:603e:0095	15062	00:01:13	udp
0.000000	sip	0	0	0	0.00	0.00	1.00	0	0	0.00	0.00	0.00	S0	0	0	0	-1	fda1:29cf:3ff5:275d:0769:2d02:6278:53b2	5089	fda1:29cf:3ff5:80d4:7d12:2718:6039:0551	15061	00:01:13	udp
0.000000	sip	0	0	1	1.00	1.00	1.00	0	0	0.00	0.00	0.00	S0	0	0	0	-1	fda1:29cf:3ff5:275d:0769:2d02:6278:53b2	5089	fda1:29cf:3ff5:80d4:7d12:2718:6039:0551	15062	00:01:13	udp
0.000000	sip	0	0	0	0.00	0.00	1.00	0	0	0.00	0.00	0.00	S0	0	0	0	-1	fda1:29cf:3ff5:275d:0769:2d02:6278:53b2	5089	fda1:29cf:3ff5:92f3:7d98:274f:604d:02c0	15061	00:01:13	udp
0.000000	sip	0	0	1	1.00	1.00	1.00	0	0	0.00	0.00	0.00	S0	0	0	0	-1	fda1:29cf:3ff5:275d:0769:2d02:6278:53b2	5089	fda1:29cf:3ff5:92f3:7d98:274f:604d:02c0	15062	00:01:13	udp
0.000000	sip	0	0	0	0.00	0.00	1.00	0	0	0.00	0.00	0.00	S0	0	0	0	-1	fda1:29cf:3ff5:275d:0769:2d02:6278:53b2	5089	fda1:29cf:3ff5:1ecc:7da3:27b9:6075:038e	15061	00:01:13	udp
0.000000	sip	0	0	1	1.00	1.00	1.00	0	0	0.00	0.00	0.00	S0	0	0	0	-1	fda1:29cf:3ff5:275d:0769:2d02:6278:53b2	5089	fda1:29cf:3ff5:1ecc:7da3:27b9:6075:038e	15062	00:01:13	udp
0.000000	sip	0	0	0	0.00	0.00	1.00	0	0	0.00	0.00	0.00	S0	0	0	0	-1	fda1:29cf:3ff5:275d:0769:2d02:6278:53b2	5089	fda1:29cf:3ff5:d214:7df7:27d3:6048:08eb	15061	00:01:13	udp
0.000000	sip	0	0	1	1.00	1.00	1.00	0	0	0.00	0.00	0.00	S0	0	0	0	-1	fda1:29cf:3ff5:275d:0769:2d02:6278:53b2	5089	fda1:29cf:3ff5:d214:7df7:27d3:6048:08eb	15062	00:01:13	udp
0.000000	sip	0	0	0	0.00	0.00	1.00	0	0	0.00	0.00	0.00	S0	0	0	0	-1	fda1:29cf:3ff5:275d:0769:2d02:6278:53b2	5089	fda1:29cf:3ff5:5a65:7dac:2735:6054:031a	15061	00:01:13	udp
0.000000	sip	0	0	1	1.00	1.00	1.00	0	0	0.00	0.00	0.00	S0	0	0	0	-1	fda1:29cf:3ff5:275d:0769:2d02:6278:53b2	5089	fda1:29cf:3ff5:5a65:7dac:2735:6054:031a	15062	00:01:13	udp
0.000000	sip	0	0	0	0.00	0.00	1.00	0	0	0.00	0.00	0.00	S0	0	0	0	-1	fda1:29cf:3ff5:275d:0769:2d02:6278:53b2	5089	fda1:29cf:3ff5:710a:7d5c:278f:604f:002c	15061	00:01:13	udp
0.000000	sip	0	0	1	1.00	1.00	1.00	0	0	0.00	0.00	0.00	S0	0	0	0	-1	fda1:29cf:3ff5:275d:0769:2d02:6278:53b2	5089	fda1:29cf:3ff5:710a:7d5c:278f:604f:002c	15062	00:01:13	udp
0.000000	sip	0	0	0	0.00	0.00	1.00	0	0	0.00	0.00	0.00	S0	0	0	0	-1	fda1:29cf:3ff5:275d:0769:2d02:6278:53b2	5089	fda1:29cf:3ff5:cfaf:7d21:2719:602b:0f5c	15061	00:01:13	udp
0.000000	sip	0	0	1	1.00	1.00	1.00	0	0	0.00	0.00	0.00	S0	0	0	0	-1	fda1:29cf:3ff5:275d:0769:2d02:6278:53b2	5089	fda1:29cf:3ff5:cfaf:7d21:2719:602b:0f5c	15062	00:01:13	udp
0.000000	sip	0	0	0	0.00	0.00	1.00	0	0	0.00	0.00	0.00	S0	0	0	0	-1	fda1:29cf:3ff5:275d:0769:2d02:6278:53b2	5089	fda1:29cf:3ff5:99d5:7da0:27a9:604e:006e	15061	00:01:13	udp
0.000000	sip	0	0	1	1.00	1.00	1.00	0	0	0.00	0.00	0.00	S0	0	0	0	-1	fda1:29cf:3ff5:275d:0769:2d02:6278:53b2	5089	fda1:29cf:3ff5:99d5:7da0:27a9:604e:006e	15062	00:01:13	udp
0.000000	sip	0	0	0	0.00	0.00	1.00	0	0	0.00	0.00	0.00	S0	0	0	0	-1	fda1:29cf:3ff5:275d:0769:2d02:6278:53b2	5089	fda1:29cf:3ff5:0488:7d8c:276e:6018:0375	15061	00:01:13	udp
0.000000	sip	0	0	1	1.00	1.00	1.00	0	0	0.00	0.00	0.00	S0	0	0	0	-1	fda1:29cf:3ff5:275d:0769:2d02:6278:53b2	5089	fda1:29cf:3ff5:0488:7d8c:276e:6018:0375	15062	00:01:13	udp
0.000000	sip	0	0	0	0.00	0.00	1.00	0	0	0.00	0.00	0.00	S0	0	0	0	-1	fda1:29cf:3ff5:275d:0769:2d02:6278:53b2	5089	fda1:29cf:3ff5:2f79:7d1c:279c:6011:0850	15061	00:01:13	udp
0.000000	sip	0	0	1	1.00	1.00	1.00	0	0	0.00	0.00	0.00	S0	0	0	0	-1	fda1:29cf:3ff5:275d:0769:2d02:6278:53b2	5089	fda1:29cf:3ff5:2f79:7d1c:279c:6011:0850	15062	00:01:13	udp
0.000000	sip	0	0	0	0.00	0.00	1.00	0	0	0.00	0.00	0.00	S0	0	0	0	-1	fda1:29cf:3ff5:275d:0769:2d02:6278:53b2	5089	fda1:29cf:3ff5:bc4d:7dd8:274b:604e:01e4	15061	00:01:13	udp
0.000000	sip	0	0	1	1.00	1.00	1.00	0	0	0.00	0.00	0.00	S0	0	0	0	-1	fda1:29cf:3ff5:275d:0769:2d02:6278:53b2	5089	fda1:29cf:3ff5:bc4d:7dd8:274b:604e:01e4	15062	00:01:13	udp
0.000000	sip	0	0	0	0.00	0.00	1.00	0	0	0.00	0.00	0.00	S0	0	0	0	-1	fda1:29cf:3ff5:275d:0769:2d02:6278:53b2	5089	fda1:29cf:3ff5:0f04:7d2d:2798:6080:0fda	15061	00:01:13	udp
0.000000	sip	0	0	1	1.00	1.00	1.00	0	0	0.00	0.00	0.00	S0	0	0	0	-1	fda1:29cf:3ff5:275d:0769:2d02:6278:53b2	5089	fda1:29cf:3ff5:0f04:7d2d:2798:6080:0fda	15062	00:01:13	udp
0.000000	sip	0	0	0	0.00	0.00	1.00	0	0	0.00	0.00	0.00	S0	0	0	0	-1	fda1:29cf:3ff5:275d:0769:2d02:6278:53b2	5089	fda1:29cf:3ff5:3ae9:7d6b:274d:601f:03a8	15061	00:01:13	udp
0.000000	sip	0	0	1	1.00	1.00	1.00	0	0	0.00	0.00	0.00	S0	0	0	0	-1	fda1:29cf:3ff5:275d:0769:2d02:6278:53b2	5089	fda1:29cf:3ff5:3ae9:7d6b:274d:601f:03a8	15062	00:01:13	udp
0.000000	sip	0	0	0	0.00	0.00	1.00	0	0	0.00	0.00	0.00	S0	0	0	0	-1	fda1:29cf:3ff5:275d:0769:2d02:6278:53b2	5089	fda1:29cf:3ff5:c516:7d5e:27bc:60a4:0d0e	15061	00:01:13	udp
0.000000	sip	0	0	1	1.00	1.00	1.00	0	0	0.00	0.00	0.00	S0	0	0	0	-1	fda1:29cf:3ff5:275d:0769:2d02:6278:53b2	5089	fda1:29cf:3ff5:c516:7d5e:27bc:60a4:0d0e	15062	00:01:13	udp
0.000000	sip	0	0	0	0.00	0.00	1.00	0	0	0.00	0.00	0.00	S0	0	0	0	-1	fda1:29cf:3ff5:275d:0769:2d02:6278:53b2	5089	fda1:29cf:3ff5:3b39:7d45:2748:6084:0203	15061	00:01:13	udp
0.000000	sip	0	0	1	1.00	1.00	1.00	0	0	0.00	0.00	0.00	S0	0	0	0	-1	fda1:29cf:3ff5:275d:0769:2d02:6278:53b2	5089	fda1:29cf:3ff5:3b39:7d45:2748:6084:0203	15062	00:01:13	udp
0.000000	sip	0	0	0	0.00	0.00	1.00	0	0	0.00	0.00	0.00	S0	0	0	0	-1	fda1:29cf:3ff5:275d:0769:2d02:6278:53b2	5089	fda1:29cf:3ff5:c01e:7d4d:275e:60b6:0f5a	15061	00:01:13	udp
0.000000	sip	0	0	1	1.00	1.00	1.00	0	0	0.00	0.00	0.00	S0	0	0	0	-1	fda1:29cf:3ff5:275d:0769:2d02:6278:53b2	5089	fda1:29cf:3ff5:c01e:7d4d:275e:60b6:0f5a	15062	00:01:13	udp
0.000000	sip	0	0	0	0.00	0.00	1.00	0	0	0.00	0.00	0.00	S0	0	0	0	-1	fda1:29cf:3ff5:275d:0769:2d02:6278:53b2	5089	fda1:29cf:3ff5:4af4:7df9:2739:60b7:0562	15061	00:01:13	udp
0.000000	sip	0	0	1	1.00	1.00	1.00	0	0	0.00	0.00	0.00	S0	0	0	0	-1	fda1:29cf:3ff5:275d:0769:2d02:6278:53b2	5089	fda1:29cf:3ff5:4af4:7df9:2739:60b7:0562	15062	00:01:13	udp
0.000000	sip	0	0	0	0.00	0.00	1.00	0	0	0.00	0.00	0.00	S0	0	0	0	-1	fda1:29cf:3ff5:275d:0769:2d02:6278:53b2	5089	fda1:29cf:3ff5:73ab:7d44:273f:601b:1508	15061	00:01:13	udp
0.000000	sip	0	0	1	1.00	1.00	1.00	0	0	0.00	0.00	0.00	S0	0	0	0	-1	fda1:29cf:3ff5:275d:0769:2d02:6278:53b2	5089	fda1:29cf:3ff5:73ab:7d44:273f:601b:1508	15062	00:01:13	udp
0.000000	sip	0	0	0	0.00	0.00	1.00	0	0	0.00	0.00	0.00	S0	0	0	0	-1	fda1:29cf:3ff5:275d:0769:2d02:6278:53b2	5089	fda1:29cf:3ff5:c6e9:7d20:27a6:6083:0ce8	15061	00:01:13	udp
0.000000	sip	0	0	1	1.00	1.00	1.00	0	0	0.00	0.00	0.00	S0	0	0	0	-1	fda1:29cf:3ff5:275d:0769:2d02:6278:53b2	5089	fda1:29cf:3ff5:c6e9:7d20:27a6:6083:0ce8	15062	00:01:13	udp
0.000000	sip	0	0	0	0.00	0.00	1.00	0	0	0.00	0.00	0.00	S0	0	0	0	-1	fda1:29cf:3ff5:275d:0769:2d02:6278:53b2	5089	fda1:29cf:3ff5:7037:7dee:27df:60ca:0335	15061	00:01:13	udp
0.000000	sip	0	0	1	1.00	1.00	1.00	0	0	0.00	0.00	0.00	S0	0	0	0	-1	fda1:29cf:3ff5:275d:0769:2d02:6278:53b2	5089	fda1:29cf:3ff5:7037:7dee:27df:60ca:0335	15062	00:01:13	udp
0.000000	sip	0	0	0	0.00	0.00	1.00	0	0	0.00	0.00	0.00	S0	0	0	0	-1	fda1:29cf:3ff5:275d:0769:2d02:6278:53b2	5089	fda1:29cf:3ff5:23d7:7d79:276a:6089:17d0	15061	00:01:13	udp
0.000000	sip	0	0	1	1.00	1.00	1.00	0	0	0.00	0.00	0.00	S0	0	0	0	-1	fda1:29cf:3ff5:275d:0769:2d02:6278:53b2	5089	fda1:29cf:3ff5:23d7:7d79:276a:6089:17d0	15062	00:01:13	udp
0.000000	sip	0	0	0	0.00	0.00	1.00	0	0	0.00	0.00	0.00	S0	0	0	0	-1	fda1:29cf:3ff5:275d:0769:2d02:6278:53b2	5089	fda1:29cf:3ff5:c491:7dd1:272a:6079:00ec	15061	00:01:13	udp
0.000000	sip	0	0	1	1.00	1.00	1.00	0	0	0.00	0.00	0.00	S0	0	0	0	-1	fda1:29cf:3ff5:275d:0769:2d02:6278:53b2	5089	fda1:29cf:3ff5:c491:7dd1:272a:6079:00ec	15062	00:01:13	udp
0.000000	sip	0	0	0	0.00	0.00	1.00	0	0	0.00	0.00	0.00	S0	0	0	0	-1	fda1:29cf:3ff5:275d:0769:2d02:6278:53b2	5089	fda1:29cf:3ff5:5c08:7da8:278e:6069:0f84	15061	00:01:13	udp
0.000000	sip	0	0	1	1.00	1.00	1.00	0	0	0.00	0.00	0.00	S0	0	0	0	-1	fda1:29cf:3ff5:275d:0769:2d02:6278:53b2	5089	fda1:29cf:3ff5:5c08:7da8:278e:6069:0f84	15062	00:01:13	udp
0.000000	sip	0	0	0	0.00	0.00	1.00	0	0	0.00	0.00	0.00	S0	0	0	0	-1	fda1:29cf:3ff5:275d:0769:2d02:6278:53b2	5089	fda1:29cf:3ff5:7cc6:7dff:275b:60a8:07dd	15061	00:01:13	udp
0.000000	sip	0	0	1	1.00	1.00	1.00	0	0	0.00	0.00	0.00	S0	0	0	0	-1	fda1:29cf:3ff5:275d:0769:2d02:6278:53b2	5089	fda1:29cf:3ff5:7cc6:7dff:275b:60a8:07dd	15062	00:01:13	udp
0.000000	sip	0	0	0	0.00	0.00	1.00	0	0	0.00	0.00	0.00	S0	0	0	0	-1	fda1:29cf:3ff5:275d:0769:2d02:6278:53b2	5089	fda1:29cf:3ff5:4589:7d6d:27ad:6034:1fd0	15061	00:01:13	udp
0.000000	sip	0	0	1	1.00	1.00	1.00	0	0	0.00	0.00	0.00	S0	0	0	0	-1	fda1:29cf:3ff5:275d:0769:2d02:6278:53b2	5089	fda1:29cf:3ff5:4589:7d6d:27ad:6034:1fd0	15062	00:01:13	udp
0.000000	sip	0	0	0	0.00	0.00	1.00	0	0	0.00	0.00	0.00	S0	0	0	0	-1	fda1:29cf:3ff5:275d:0769:2d02:6278:53b2	5089	fda1:29cf:3ff5:514c:7d52:27a3:60c4:18f8	15061	00:01:13	udp
0.000000	sip	0	0	1	1.00	1.00	1.00	0	0	0.00	0.00	0.00	S0	0	0	0	-1	fda1:29cf:3ff5:275d:0769:2d02:6278:53b2	5089	fda1:29cf:3ff5:514c:7d52:27a3:60c4:18f8	15062	00:01:13	udp
0.000000	sip	0	0	0	0.00	0.00	1.00	0	0	0.00	0.00	0.00	S0	0	0	0	-1	fda1:29cf:3ff5:275d:0769:2d02:6278:53b2	5089	fda1:29cf:3ff5:27d5:7d6f:275d:60ce:1127	15061	00:01:13	udp
0.000000	sip	0	0	1	1.00	1.00	1.00	0	0	0.00	0.00	0.00	S0	0	0	0	-1	fda1:29cf:3ff5:275d:0769:2d02:6278:53b2	5089	fda1:29cf:3ff5:27d5:7d6f:275d:60ce:1127	15062	00:01:13	udp
0.000000	sip	0	0	0	0.00	0.00	1.00	0	0	0.00	0.00	0.00	S0	0	0	0	-1	fda1:29cf:3ff5:275d:0769:2d02:6278:53b2	5089	fda1:29cf:3ff5:d149:7de0:276d:60b7:0a0c	15061	00:01:13	udp
0.000000	sip	0	0	0	0.00	0.00	1.00	0	0	0.00	0.00	0.00	S0	0	0	0	-1	fda1:29cf:3ff5:275d:0769:2d02:6278:53b2	5089	fda1:29cf:3ff5:44c6:7d65:27e7:6085:03d0	15061	00:01:13	udp
0.000000	sip	0	0	1	1.00	1.00	1.00	0	0	0.00	0.00	0.00	S0	0	0	0	-1	fda1:29cf:3ff5:275d:0769:2d02:6278:53b2	5089	fda1:29cf:3ff5:44c6:7d65:27e7:6085:03d0	15062	00:01:13	udp
0.000000	sip	0	0	0	0.00	0.00	1.00	0	0	0.00	0.00	0.00	S0	0	0	0	-1	fda1:29cf:3ff5:275d:0769:2d02:6278:53b2	5089	fda1:29cf:3ff5:7eff:7dc7:27bd:60fc:03fd	15061	00:01:13	udp
0.000000	sip	0	0	1	1.00	1.00	1.00	0	0	0.00	0.00	0.00	S0	0	0	0	-1	fda1:29cf:3ff5:275d:0769:2d02:6278:53b2	5089	fda1:29cf:3ff5:7eff:7dc7:27bd:60fc:03fd	15062	00:01:13	udp
0.000000	sip	0	0	0	0.00	0.00	1.00	0	0	0.00	0.00	0.00	S0	0	0	0	-1	fda1:29cf:3ff5:275d:0769:2d02:6278:53b2	5089	fda1:29cf:3ff5:f0e9:7d40:276c:602c:00fa	15061	00:01:13	udp
0.000000	sip	0	0	1	1.00	1.00	1.00	0	0	0.00	0.00	0.00	S0	0	0	0	-1	fda1:29cf:3ff5:275d:0769:2d02:6278:53b2	5089	fda1:29cf:3ff5:f0e9:7d40:276c:602c:00fa	15062	00:01:13	udp
0.000000	sip	0	0	0	0.00	0.00	1.00	0	0	0.00	0.00	0.00	S0	0	0	0	-1	fda1:29cf:3ff5:275d:0769:2d02:6278:53b2	5089	fda1:29cf:3ff5:96a8:7dc5:27bc:605f:03a2	15061	00:01:13	udp
0.000000	sip	0	0	1	1.00	1.00	1.00	0	0	0.00	0.00	0.00	S0	0	0	0	-1	fda1:29cf:3ff5:275d:0769:2d02:6278:53b2	5089	fda1:29cf:3ff5:96a8:7dc5:27bc:605f:03a2	15062	00:01:13	udp
0.000000	sip	0	0	0	0.00	0.00	1.00	0	0	0.00	0.00	0.00	S0	0	0	0	-1	fda1:29cf:3ff5:275d:0769:2d02:6278:53b2	5089	fda1:29cf:3ff5:972a:7de0:2798:609f:039e	15061	00:01:13	udp
0.000000	sip	0	0	1	1.00	1.00	1.00	0	0	0.00	0.00	0.00	S0	0	0	0	-1	fda1:29cf:3ff5:275d:0769:2d02:6278:53b2	5089	fda1:29cf:3ff5:972a:7de0:2798:609f:039e	15062	00:01:13	udp
0.000000	sip	0	0	0	0.00	0.00	1.00	0	0	0.00	0.00	0.00	S0	0	0	0	-1	fda1:29cf:3ff5:275d:0769:2d02:6278:53b2	5089	fda1:29cf:3ff5:5dd7:7d24:279f:6068:0798	15061	00:01:13	udp
0.000000	sip	0	0	1	1.00	1.00	1.00	0	0	0.00	0.00	0.00	S0	0	0	0	-1	fda1:29cf:3ff5:275d:0769:2d02:6278:53b2	5089	fda1:29cf:3ff5:5dd7:7d24:279f:6068:0798	15062	00:01:13	udp
0.000000	sip	0	0	0	0.00	0.00	1.00	0	0	0.00	0.00	0.00	S0	0	0	0	-1	fda1:29cf:3ff5:275d:0769:2d02:6278:53b2	5089	fda1:29cf:3ff5:6cb2:7d1b:275c:6092:0354	15061	00:01:13	udp
0.000000	sip	0	0	1	1.00	1.00	1.00	0	0	0.00	0.00	0.00	S0	0	0	0	-1	fda1:29cf:3ff5:275d:0769:2d02:6278:53b2	5089	fda1:29cf:3ff5:6cb2:7d1b:275c:6092:0354	15062	00:01:13	udp
0.167808	other	0	0	0	0.00	0.00	1.00	0	0	0.00	0.00	0.00	RSTO	0	0	0	1	fda1:29cf:3ff5:64f0:3831:4b78:7aa1:4614	53751	fda1:29cf:3ff5:1613:7d73:2783:07e7:0f31	22	00:01:13	tcp
0.000000	sip	0	0	0	0.00	0.00	1.00	0	0	0.00	0.00	0.00	S0	0	0	0	-1	fda1:29cf:3ff5:275d:0769:2d02:6278:53b2	5089	fda1:29cf:3ff5:b151:7d3d:2772:60f3:3743	15061	00:01:14	udp
0.000000	sip	0	0	1	1.00	1.00	1.00	0	0	0.00	0.00	0.00	S0	0	0	0	-1	fda1:29cf:3ff5:275d:0769:2d02:6278:53b2	5089	fda1:29cf:3ff5:b151:7d3d:2772:60f3:3743	15062	00:01:14	udp
0.000000	sip	0	0	0	0.00	0.00	1.00	0	0	0.00	0.00	0.00	S0	0	0	0	-1	fda1:29cf:3ff5:275d:0769:2d02:6278:53b2	5089	fda1:29cf:3ff5:9a44:7d13:27a3:6098:3510	15061	00:01:14	udp
0.000000	sip	0	0	1	1.00	1.00	1.00	0	0	0.00	0.00	0.00	S0	0	0	0	-1	fda1:29cf:3ff5:275d:0769:2d02:6278:53b2	5089	fda1:29cf:3ff5:9a44:7d13:27a3:6098:3510	15062	00:01:14	udp
0.000000	sip	0	0	0	0.00	0.00	1.00	0	0	0.00	0.00	0.00	S0	0	0	0	-1	fda1:29cf:3ff5:275d:0769:2d02:6278:53b2	5089	fda1:29cf:3ff5:7d89:7d94:277d:6082:33d9	15061	00:01:14	udp
0.000000	sip	0	0	1	1.00	1.00	1.00	0	0	0.00	0.00	0.00	S0	0	0	0	-1	fda1:29cf:3ff5:275d:0769:2d02:6278:53b2	5089	fda1:29cf:3ff5:7d89:7d94:277d:6082:33d9	15062	00:01:14	udp
0.000000	sip	0	0	0	0.00	0.00	1.00	0	0	0.00	0.00	0.00	S0	0	0	0	-1	fda1:29cf:3ff5:275d:0769:2d02:6278:53b2	5089	fda1:29cf:3ff5:a01a:7d75:278a:6037:3151	15061	00:01:14	udp
0.000000	sip	0	0	1	1.00	1.00	1.00	0	0	0.00	0.00	0.00	S0	0	0	0	-1	fda1:29cf:3ff5:275d:0769:2d02:6278:53b2	5089	fda1:29cf:3ff5:a01a:7d75:278a:6037:3151	15062	00:01:14	udp
0.000000	sip	0	0	0	0.00	0.00	1.00	0	0	0.00	0.00	0.00	S0	0	0	0	-1	fda1:29cf:3ff5:275d:0769:2d02:6278:53b2	5089	fda1:29cf:3ff5:3229:7d45:277b:606e:2fb7	15061	00:01:14	udp
0.000000	sip	0	0	1	1.00	1.00	1.00	0	0	0.00	0.00	0.00	S0	0	0	0	-1	fda1:29cf:3ff5:275d:0769:2d02:6278:53b2	5089	fda1:29cf:3ff5:3229:7d45:277b:606e:2fb7	15062	00:01:14	udp
0.000000	sip	0	0	0	0.00	0.00	1.00	0	0	0.00	0.00	0.00	S0	0	0	0	-1	fda1:29cf:3ff5:275d:0769:2d02:6278:53b2	5089	fda1:29cf:3ff5:8fc2:7d8d:27be:6015:2dd0	15061	00:01:14	udp
0.000000	sip	0	0	1	1.00	1.00	1.00	0	0	0.00	0.00	0.00	S0	0	0	0	-1	fda1:29cf:3ff5:275d:0769:2d02:6278:53b2	5089	fda1:29cf:3ff5:8fc2:7d8d:27be:6015:2dd0	15062	00:01:14	udp
0.000000	sip	0	0	0	0.00	0.00	1.00	0	0	0.00	0.00	0.00	S0	0	0	0	-1	fda1:29cf:3ff5:275d:0769:2d02:6278:53b2	5089	fda1:29cf:3ff5:cd7b:7df8:279e:60d8:2bcb	15061	00:01:14	udp
0.000000	sip	0	0	1	1.00	1.00	1.00	0	0	0.00	0.00	0.00	S0	0	0	0	-1	fda1:29cf:3ff5:275d:0769:2d02:6278:53b2	5089	fda1:29cf:3ff5:cd7b:7df8:279e:60d8:2bcb	15062	00:01:14	udp
0.000000	sip	0	0	0	0.00	0.00	1.00	0	0	0.00	0.00	0.00	S0	0	0	0	-1	fda1:29cf:3ff5:275d:0769:2d02:6278:53b2	5089	fda1:29cf:3ff5:e13d:7dad:274e:60aa:295f	15061	00:01:14	udp
0.000000	sip	0	0	1	1.00	1.00	1.00	0	0	0.00	0.00	0.00	S0	0	0	0	-1	fda1:29cf:3ff5:275d:0769:2d02:6278:53b2	5089	fda1:29cf:3ff5:e13d:7dad:274e:60aa:295f	15062	00:01:14	udp
0.000000	sip	0	0	0	0.00	0.00	1.00	0	0	0.00	0.00	0.00	S0	0	0	0	-1	fda1:29cf:3ff5:275d:0769:2d02:6278:53b2	5089	fda1:29cf:3ff5:5ae9:7d72:278b:6008:27ed	15061	00:01:14	udp
0.000000	sip	0	0	1	1.00	1.00	1.00	0	0	0.00	0.00	0.00	S0	0	0	0	-1	fda1:29cf:3ff5:275d:0769:2d02:6278:53b2	5089	fda1:29cf:3ff5:5ae9:7d72:278b:6008:27ed	15062	00:01:14	udp
0.000000	sip	0	0	0	0.00	0.00	1.00	0	0	0.00	0.00	0.00	S0	0	0	0	-1	fda1:29cf:3ff5:275d:0769:2d02:6278:53b2	5089	fda1:29cf:3ff5:feaf:7d53:2761:6087:251a	15061	00:01:14	udp
0.000000	sip	0	0	1	1.00	1.00	1.00	0	0	0.00	0.00	0.00	S0	0	0	0	-1	fda1:29cf:3ff5:275d:0769:2d02:6278:53b2	5089	fda1:29cf:3ff5:feaf:7d53:2761:6087:251a	15062	00:01:14	udp
0.000000	sip	0	0	0	0.00	0.00	1.00	0	0	0.00	0.00	0.00	S0	0	0	0	-1	fda1:29cf:3ff5:275d:0769:2d02:6278:53b2	5089	fda1:29cf:3ff5:30a8:7d61:2740:60f7:23a8	15061	00:01:14	udp
0.000000	sip	0	0	1	1.00	1.00	1.00	0	0	0.00	0.00	0.00	S0	0	0	0	-1	fda1:29cf:3ff5:275d:0769:2d02:6278:53b2	5089	fda1:29cf:3ff5:30a8:7d61:2740:60f7:23a8	15062	00:01:14	udp
0.000000	sip	0	0	0	0.00	0.00	1.00	0	0	0.00	0.00	0.00	S0	0	0	0	-1	fda1:29cf:3ff5:275d:0769:2d02:6278:53b2	5089	fda1:29cf:3ff5:ac5b:7d75:2770:60d5:213c	15061	00:01:14	udp
0.000000	sip	0	0	1	1.00	1.00	1.00	0	0	0.00	0.00	0.00	S0	0	0	0	-1	fda1:29cf:3ff5:275d:0769:2d02:6278:53b2	5089	fda1:29cf:3ff5:ac5b:7d75:2770:60d5:213c	15062	00:01:14	udp
0.000000	sip	0	0	0	0.00	0.00	1.00	0	0	0.00	0.00	0.00	S0	0	0	0	-1	fda1:29cf:3ff5:275d:0769:2d02:6278:53b2	5089	fda1:29cf:3ff5:53a8:7d17:2774:60ea:1fc6	15061	00:01:14	udp
0.000000	sip	0	0	1	1.00	1.00	1.00	0	0	0.00	0.00	0.00	S0	0	0	0	-1	fda1:29cf:3ff5:275d:0769:2d02:6278:53b2	5089	fda1:29cf:3ff5:53a8:7d17:2774:60ea:1fc6	15062	00:01:14	udp
0.000000	sip	0	0	0	0.00	0.00	1.00	0	0	0.00	0.00	0.00	S0	0	0	0	-1	fda1:29cf:3ff5:275d:0769:2d02:6278:53b2	5089	fda1:29cf:3ff5:b14e:7df7:27ac:6044:1d42	15061	00:01:14	udp
0.000000	sip	0	0	1	1.00	1.00	1.00	0	0	0.00	0.00	0.00	S0	0	0	0	-1	fda1:29cf:3ff5:275d:0769:2d02:6278:53b2	5089	fda1:29cf:3ff5:b14e:7df7:27ac:6044:1d42	15062	00:01:14	udp
0.000000	sip	0	0	0	0.00	0.00	1.00	0	0	0.00	0.00	0.00	S0	0	0	0	-1	fda1:29cf:3ff5:275d:0769:2d02:6278:53b2	5089	fda1:29cf:3ff5:3f84:7d1c:2772:60af:1b50	15061	00:01:14	udp
0.000000	sip	0	0	1	1.00	1.00	1.00	0	0	0.00	0.00	0.00	S0	0	0	0	-1	fda1:29cf:3ff5:275d:0769:2d02:6278:53b2	5089	fda1:29cf:3ff5:3f84:7d1c:2772:60af:1b50	15062	00:01:14	udp
0.000000	sip	0	0	0	0.00	0.00	1.00	0	0	0.00	0.00	0.00	S0	0	0	0	-1	fda1:29cf:3ff5:275d:0769:2d02:6278:53b2	5089	fda1:29cf:3ff5:1cd5:7dec:2721:6070:19cc	15061	00:01:14	udp
0.000000	sip	0	0	1	1.00	1.00	1.00	0	0	0.00	0.00	0.00	S0	0	0	0	-1	fda1:29cf:3ff5:275d:0769:2d02:6278:53b2	5089	fda1:29cf:3ff5:1cd5:7dec:2721:6070:19cc	15062	00:01:14	udp
0.000000	sip	0	0	0	0.00	0.00	1.00	0	0	0.00	0.00	0.00	S0	0	0	0	-1	fda1:29cf:3ff5:275d:0769:2d02:6278:53b2	5089	fda1:29cf:3ff5:9c45:7d39:27ac:60d7:17d2	15061	00:01:14	udp
0.000000	sip	0	0	1	1.00	1.00	1.00	0	0	0.00	0.00	0.00	S0	0	0	0	-1	fda1:29cf:3ff5:275d:0769:2d02:6278:53b2	5089	fda1:29cf:3ff5:9c45:7d39:27ac:60d7:17d2	15062	00:01:14	udp
0.000000	sip	0	0	0	0.00	0.00	1.00	0	0	0.00	0.00	0.00	S0	0	0	0	-1	fda1:29cf:3ff5:275d:0769:2d02:6278:53b2	5089	fda1:29cf:3ff5:6705:7dab:27d0:6018:1597	15061	00:01:14	udp
0.000000	sip	0	0	1	1.00	1.00	1.00	0	0	0.00	0.00	0.00	S0	0	0	0	-1	fda1:29cf:3ff5:275d:0769:2d02:6278:53b2	5089	fda1:29cf:3ff5:6705:7dab:27d0:6018:1597	15062	00:01:14	udp
0.000000	sip	0	0	0	0.00	0.00	1.00	0	0	0.00	0.00	0.00	S0	0	0	0	-1	fda1:29cf:3ff5:275d:0769:2d02:6278:53b2	5089	fda1:29cf:3ff5:354d:7dbd:27f5:607e:13fd	15061	00:01:14	udp
0.000000	sip	0	0	1	1.00	1.00	1.00	0	0	0.00	0.00	0.00	S0	0	0	0	-1	fda1:29cf:3ff5:275d:0769:2d02:6278:53b2	5089	fda1:29cf:3ff5:354d:7dbd:27f5:607e:13fd	15062	00:01:14	udp
0.000000	sip	0	0	0	0.00	0.00	1.00	0	0	0.00	0.00	0.00	S0	0	0	0	-1	fda1:29cf:3ff5:275d:0769:2d02:6278:53b2	5089	fda1:29cf:3ff5:14fd:7df4:2707:60e2:1139	15061	00:01:14	udp
0.000000	sip	0	0	1	1.00	1.00	1.00	0	0	0.00	0.00	0.00	S0	0	0	0	-1	fda1:29cf:3ff5:275d:0769:2d02:6278:53b2	5089	fda1:29cf:3ff5:14fd:7df4:2707:60e2:1139	15062	00:01:14	udp
0.000000	sip	0	0	0	0.00	0.00	1.00	0	0	0.00	0.00	0.00	S0	0	0	0	-1	fda1:29cf:3ff5:275d:0769:2d02:6278:53b2	5089	fda1:29cf:3ff5:21ca:7d4b:2736:603a:0fdf	15061	00:01:14	udp
0.000000	sip	0	0	1	1.00	1.00	1.00	0	0	0.00	0.00	0.00	S0	0	0	0	-1	fda1:29cf:3ff5:275d:0769:2d02:6278:53b2	5089	fda1:29cf:3ff5:21ca:7d4b:2736:603a:0fdf	15062	00:01:14	udp
0.000000	sip	0	0	0	0.00	0.00	1.00	0	0	0.00	0.00	0.00	S0	0	0	0	-1	fda1:29cf:3ff5:275d:0769:2d02:6278:53b2	5089	fda1:29cf:3ff5:fc4c:7d73:272a:6066:0d38	15061	00:01:14	udp
0.000000	sip	0	0	1	1.00	1.00	1.00	0	0	0.00	0.00	0.00	S0	0	0	0	-1	fda1:29cf:3ff5:275d:0769:2d02:6278:53b2	5089	fda1:29cf:3ff5:fc4c:7d73:272a:6066:0d38	15062	00:01:14	udp
0.000000	sip	0	0	0	0.00	0.00	1.00	0	0	0.00	0.00	0.00	S0	0	0	0	-1	fda1:29cf:3ff5:275d:0769:2d02:6278:53b2	5089	fda1:29cf:3ff5:c5f9:7db6:275b:60af:0b78	15061	00:01:14	udp
0.000000	sip	0	0	1	1.00	1.00	1.00	0	0	0.00	0.00	0.00	S0	0	0	0	-1	fda1:29cf:3ff5:275d:0769:2d02:6278:53b2	5089	fda1:29cf:3ff5:c5f9:7db6:275b:60af:0b78	15062	00:01:14	udp
0.000000	sip	0	0	0	0.00	0.00	1.00	0	0	0.00	0.00	0.00	S0	0	0	0	-1	fda1:29cf:3ff5:275d:0769:2d02:6278:53b2	5089	fda1:29cf:3ff5:94e3:7d2c:27f0:603e:09ee	15061	00:01:14	udp
0.000000	sip	0	0	1	1.00	1.00	1.00	0	0	0.00	0.00	0.00	S0	0	0	0	-1	fda1:29cf:3ff5:275d:0769:2d02:6278:53b2	5089	fda1:29cf:3ff5:94e3:7d2c:27f0:603e:09ee	15062	00:01:14	udp
0.000000	sip	0	0	0	0.00	0.00	1.00	0	0	0.00	0.00	0.00	S0	0	0	0	-1	fda1:29cf:3ff5:275d:0769:2d02:6278:53b2	5089	fda1:29cf:3ff5:4a11:7d5a:27d9:60ff:076f	15061	00:01:14	udp
0.000000	sip	0	0	1	1.00	1.00	1.00	0	0	0.00	0.00	0.00	S0	0	0	0	-1	fda1:29cf:3ff5:275d:0769:2d02:6278:53b2	5089	fda1:29cf:3ff5:4a11:7d5a:27d9:60ff:076f	15062	00:01:14	udp
0.000000	sip	0	0	0	0.00	0.00	1.00	0	0	0.00	0.00	0.00	S0	0	0	0	-1	fda1:29cf:3ff5:275d:0769:2d02:6278:53b2	5089	fda1:29cf:3ff5:2768:7d7c:27df:6044:05bf	15061	00:01:14	udp
0.000000	sip	0	0	1	1.00	1.00	1.00	0	0	0.00	0.00	0.00	S0	0	0	0	-1	fda1:29cf:3ff5:275d:0769:2d02:6278:53b2	5089	fda1:29cf:3ff5:2768:7d7c:27df:6044:05bf	15062	00:01:14	udp
0.000000	sip	0	0	0	0.00	0.00	1.00	0	0	0.00	0.00	0.00	S0	0	0	0	-1	fda1:29cf:3ff5:275d:0769:2d02:6278:53b2	5089	fda1:29cf:3ff5:cce5:7d20:2736:608a:0346	15061	00:01:14	udp
0.000000	sip	0	0	1	1.00	1.00	1.00	0	0	0.00	0.00	0.00	S0	0	0	0	-1	fda1:29cf:3ff5:275d:0769:2d02:6278:53b2	5089	fda1:29cf:3ff5:cce5:7d20:2736:608a:0346	15062	00:01:14	udp
0.000000	sip	0	0	0	0.00	0.00	1.00	0	0	0.00	0.00	0.00	S0	0	0	0	-1	fda1:29cf:3ff5:275d:0769:2d02:6278:53b2	5089	fda1:29cf:3ff5:9867:7dfd:27c7:6031:01ac	15061	00:01:14	udp
0.000000	sip	0	0	1	1.00	1.00	1.00	0	0	0.00	0.00	0.00	S0	0	0	0	-1	fda1:29cf:3ff5:275d:0769:2d02:6278:53b2	5089	fda1:29cf:3ff5:9867:7dfd:27c7:6031:01ac	15062	00:01:14	udp
0.000000	sip	0	0	0	0.00	0.00	1.00	0	0	0.00	0.00	0.00	S0	0	0	0	-1	fda1:29cf:3ff5:275d:0769:2d02:6278:53b2	5089	fda1:29cf:3ff5:f8bd:7d4f:27a7:60f2:7fe5	15061	00:01:14	udp
0.000000	sip	0	0	1	1.00	1.00	1.00	0	0	0.00	0.00	0.00	S0	0	0	0	-1	fda1:29cf:3ff5:275d:0769:2d02:6278:53b2	5089	fda1:29cf:3ff5:f8bd:7d4f:27a7:60f2:7fe5	15062	00:01:14	udp
0.000000	sip	0	0	0	0.00	0.00	1.00	0	0	0.00	0.00	0.00	S0	0	0	0	-1	fda1:29cf:3ff5:275d:0769:2d02:6278:53b2	5089	fda1:29cf:3ff5:8856:7db9:27b8:60e7:7e90	15061	00:01:14	udp
0.000000	sip	0	0	1	1.00	1.00	1.00	0	0	0.00	0.00	0.00	S0	0	0	0	-1	fda1:29cf:3ff5:275d:0769:2d02:6278:53b2	5089	fda1:29cf:3ff5:8856:7db9:27b8:60e7:7e90	15062	00:01:14	udp
0.000000	sip	0	0	0	0.00	0.00	1.00	0	0	0.00	0.00	0.00	S0	0	0	0	-1	fda1:29cf:3ff5:275d:0769:2d02:6278:53b2	5089	fda1:29cf:3ff5:1e2a:7df0:27a8:60ff:7d9f	15061	00:01:14	udp
0.000000	sip	0	0	1	1.00	1.00	1.00	0	0	0.00	0.00	0.00	S0	0	0	0	-1	fda1:29cf:3ff5:275d:0769:2d02:6278:53b2	5089	fda1:29cf:3ff5:1e2a:7df0:27a8:60ff:7d9f	15062	00:01:14	udp
0.000000	sip	0	0	0	0.00	0.00	1.00	0	0	0.00	0.00	0.00	S0	0	0	0	-1	fda1:29cf:3ff5:275d:0769:2d02:6278:53b2	5089	fda1:29cf:3ff5:e3e1:7daa:2761:609a:7c84	15061	00:01:14	udp
0.000000	sip	0	0	1	1.00	1.00	1.00	0	0	0.00	0.00	0.00	S0	0	0	0	-1	fda1:29cf:3ff5:275d:0769:2d02:6278:53b2	5089	fda1:29cf:3ff5:d149:7de0:276d:60b7:0a0c	15062	00:01:14	udp
0.000000	sip	0	0	0	0.00	0.00	1.00	0	0	0.00	0.00	0.00	S0	0	0	0	-1	fda1:29cf:3ff5:275d:0769:2d02:6278:53b2	5089	fda1:29cf:3ff5:5007:7d77:2730:60df:21a9	15061	00:01:14	udp
0.000000	sip	0	0	1	1.00	1.00	1.00	0	0	0.00	0.00	0.00	S0	0	0	0	-1	fda1:29cf:3ff5:275d:0769:2d02:6278:53b2	5089	fda1:29cf:3ff5:5007:7d77:2730:60df:21a9	15062	00:01:14	udp
0.000000	sip	0	0	0	0.00	0.00	1.00	0	0	0.00	0.00	0.00	S0	0	0	0	-1	fda1:29cf:3ff5:275d:0769:2d02:6278:53b2	5089	fda1:29cf:3ff5:99c1:7d98:27b9:60b4:1b9b	15061	00:01:14	udp
0.000000	sip	0	0	1	1.00	1.00	1.00	0	0	0.00	0.00	0.00	S0	0	0	0	-1	fda1:29cf:3ff5:275d:0769:2d02:6278:53b2	5089	fda1:29cf:3ff5:99c1:7d98:27b9:60b4:1b9b	15062	00:01:14	udp
0.000000	sip	0	0	0	0.00	0.00	1.00	0	0	0.00	0.00	0.00	S0	0	0	0	-1	fda1:29cf:3ff5:275d:0769:2d02:6278:53b2	5089	fda1:29cf:3ff5:d2cd:7d70:275e:605f:152a	15061	00:01:14	udp
0.000000	sip	0	0	1	1.00	1.00	1.00	0	0	0.00	0.00	0.00	S0	0	0	0	-1	fda1:29cf:3ff5:275d:0769:2d02:6278:53b2	5089	fda1:29cf:3ff5:d2cd:7d70:275e:605f:152a	15062	00:01:14	udp
0.000000	sip	0	0	0	0.00	0.00	1.00	0	0	0.00	0.00	0.00	S0	0	0	0	-1	fda1:29cf:3ff5:275d:0769:2d02:6278:53b2	5089	fda1:29cf:3ff5:fdaa:7d4e:27c3:6044:0fe1	15061	00:01:14	udp
0.000000	sip	0	0	1	1.00	1.00	1.00	0	0	0.00	0.00	0.00	S0	0	0	0	-1	fda1:29cf:3ff5:275d:0769:2d02:6278:53b2	5089	fda1:29cf:3ff5:fdaa:7d4e:27c3:6044:0fe1	15062	00:01:14	udp
0.000000	sip	0	0	0	0.00	0.00	1.00	0	0	0.00	0.00	0.00	S0	0	0	0	-1	fda1:29cf:3ff5:275d:0769:2d02:6278:53b2	5089	fda1:29cf:3ff5:aac7:7d26:27b7:609d:09a8	15061	00:01:14	udp
0.000000	sip	0	0	1	1.00	1.00	1.00	0	0	0.00	0.00	0.00	S0	0	0	0	-1	fda1:29cf:3ff5:275d:0769:2d02:6278:53b2	5089	fda1:29cf:3ff5:aac7:7d26:27b7:609d:09a8	15062	00:01:14	udp
0.000000	sip	0	0	0	0.00	0.00	1.00	0	0	0.00	0.00	0.00	S0	0	0	0	-1	fda1:29cf:3ff5:275d:0769:2d02:6278:53b2	5089	fda1:29cf:3ff5:e353:7d79:2759:60f6:03b8	15061	00:01:14	udp
0.000000	sip	0	0	1	1.00	1.00	1.00	0	0	0.00	0.00	0.00	S0	0	0	0	-1	fda1:29cf:3ff5:275d:0769:2d02:6278:53b2	5089	fda1:29cf:3ff5:e353:7d79:2759:60f6:03b8	15062	00:01:14	udp
0.000000	sip	0	0	0	0.00	0.00	1.00	0	0	0.00	0.00	0.00	S0	0	0	0	-1	fda1:29cf:3ff5:275d:0769:2d02:6278:53b2	5089	fda1:29cf:3ff5:0af1:7de1:2768:60b2:28c1	15061	00:01:14	udp
0.000000	sip	0	0	1	1.00	1.00	1.00	0	0	0.00	0.00	0.00	S0	0	0	0	-1	fda1:29cf:3ff5:275d:0769:2d02:6278:53b2	5089	fda1:29cf:3ff5:0af1:7de1:2768:60b2:28c1	15062	00:01:14	udp
0.000000	sip	0	0	0	0.00	0.00	1.00	0	0	0.00	0.00	0.00	S0	0	0	0	-1	fda1:29cf:3ff5:275d:0769:2d02:6278:53b2	5089	fda1:29cf:3ff5:f737:7dcc:2777:60da:23d5	15061	00:01:14	udp
0.000000	sip	0	0	1	1.00	1.00	1.00	0	0	0.00	0.00	0.00	S0	0	0	0	-1	fda1:29cf:3ff5:275d:0769:2d02:6278:53b2	5089	fda1:29cf:3ff5:f737:7dcc:2777:60da:23d5	15062	00:01:14	udp
0.000000	sip	0	0	0	0.00	0.00	1.00	0	0	0.00	0.00	0.00	S0	0	0	0	-1	fda1:29cf:3ff5:275d:0769:2d02:6278:53b2	5089	fda1:29cf:3ff5:5309:7da2:273d:607c:1e54	15061	00:01:14	udp
0.000000	sip	0	0	1	1.00	1.00	1.00	0	0	0.00	0.00	0.00	S0	0	0	0	-1	fda1:29cf:3ff5:275d:0769:2d02:6278:53b2	5089	fda1:29cf:3ff5:5309:7da2:273d:607c:1e54	15062	00:01:14	udp
0.000000	sip	0	0	0	0.00	0.00	1.00	0	0	0.00	0.00	0.00	S0	0	0	0	-1	fda1:29cf:3ff5:275d:0769:2d02:6278:53b2	5089	fda1:29cf:3ff5:9bc8:7d4a:27aa:60cf:193e	15061	00:01:14	udp
0.000000	sip	0	0	1	1.00	1.00	1.00	0	0	0.00	0.00	0.00	S0	0	0	0	-1	fda1:29cf:3ff5:275d:0769:2d02:6278:53b2	5089	fda1:29cf:3ff5:9bc8:7d4a:27aa:60cf:193e	15062	00:01:14	udp
0.000000	sip	0	0	0	0.00	0.00	1.00	0	0	0.00	0.00	0.00	S0	0	0	0	-1	fda1:29cf:3ff5:275d:0769:2d02:6278:53b2	5089	fda1:29cf:3ff5:ed18:7d19:2714:60a2:14b5	15061	00:01:14	udp
0.000000	sip	0	0	1	1.00	1.00	1.00	0	0	0.00	0.00	0.00	S0	0	0	0	-1	fda1:29cf:3ff5:275d:0769:2d02:6278:53b2	5089	fda1:29cf:3ff5:ed18:7d19:2714:60a2:14b5	15062	00:01:14	udp
0.000000	sip	0	0	0	0.00	0.00	1.00	0	0	0.00	0.00	0.00	S0	0	0	0	-1	fda1:29cf:3ff5:275d:0769:2d02:6278:53b2	5089	fda1:29cf:3ff5:ca48:7d2a:27cd:6061:0f4f	15061	00:01:14	udp
0.000000	sip	0	0	1	1.00	1.00	1.00	0	0	0.00	0.00	0.00	S0	0	0	0	-1	fda1:29cf:3ff5:275d:0769:2d02:6278:53b2	5089	fda1:29cf:3ff5:ca48:7d2a:27cd:6061:0f4f	15062	00:01:14	udp
0.000000	sip	0	0	0	0.00	0.00	1.00	0	0	0.00	0.00	0.00	S0	0	0	0	-1	fda1:29cf:3ff5:275d:0769:2d02:6278:53b2	5089	fda1:29cf:3ff5:9b03:7daa:271b:6013:0a65	15061	00:01:14	udp
0.000000	sip	0	0	1	1.00	1.00	1.00	0	0	0.00	0.00	0.00	S0	0	0	0	-1	fda1:29cf:3ff5:275d:0769:2d02:6278:53b2	5089	fda1:29cf:3ff5:9b03:7daa:271b:6013:0a65	15062	00:01:14	udp
0.000000	sip	0	0	0	0.00	0.00	1.00	0	0	0.00	0.00	0.00	S0	0	0	0	-1	fda1:29cf:3ff5:275d:0769:2d02:6278:53b2	5089	fda1:29cf:3ff5:cb28:7d19:2787:604d:05d2	15061	00:01:14	udp
0.000000	sip	0	0	1	1.00	1.00	1.00	0	0	0.00	0.00	0.00	S0	0	0	0	-1	fda1:29cf:3ff5:275d:0769:2d02:6278:53b2	5089	fda1:29cf:3ff5:cb28:7d19:2787:604d:05d2	15062	00:01:14	udp
0.000000	sip	0	0	0	0.00	0.00	1.00	0	0	0.00	0.00	0.00	S0	0	0	0	-1	fda1:29cf:3ff5:275d:0769:2d02:6278:53b2	5089	fda1:29cf:3ff5:0ba3:7d8d:2756:60f2:0038	15061	00:01:14	udp
0.000000	sip	0	0	1	1.00	1.00	1.00	0	0	0.00	0.00	0.00	S0	0	0	0	-1	fda1:29cf:3ff5:275d:0769:2d02:6278:53b2	5089	fda1:29cf:3ff5:0ba3:7d8d:2756:60f2:0038	15062	00:01:14	udp
0.000000	sip	0	0	0	0.00	0.00	1.00	0	0	0.00	0.00	0.00	S0	0	0	0	-1	fda1:29cf:3ff5:275d:0769:2d02:6278:53b2	5089	fda1:29cf:3ff5:d3a3:7d3a:2703:60b0:2f6b	15061	00:01:14	udp
0.000000	sip	0	0	1	1.00	1.00	1.00	0	0	0.00	0.00	0.00	S0	0	0	0	-1	fda1:29cf:3ff5:275d:0769:2d02:6278:53b2	5089	fda1:29cf:3ff5:d3a3:7d3a:2703:60b0:2f6b	15062	00:01:14	udp
0.000000	sip	0	0	0	0.00	0.00	1.00	0	0	0.00	0.00	0.00	S0	0	0	0	-1	fda1:29cf:3ff5:275d:0769:2d02:6278:53b2	5089	fda1:29cf:3ff5:2ec6:7d10:274a:6005:2bf3	15061	00:01:14	udp
0.000000	sip	0	0	1	1.00	1.00	1.00	0	0	0.00	0.00	0.00	S0	0	0	0	-1	fda1:29cf:3ff5:275d:0769:2d02:6278:53b2	5089	fda1:29cf:3ff5:2ec6:7d10:274a:6005:2bf3	15062	00:01:14	udp
0.000000	sip	0	0	0	0.00	0.00	1.00	0	0	0.00	0.00	0.00	S0	0	0	0	-1	fda1:29cf:3ff5:275d:0769:2d02:6278:53b2	5089	fda1:29cf:3ff5:41ba:7d00:277e:603e:277e	15061	00:01:14	udp
0.000000	sip	0	0	1	1.00	1.00	1.00	0	0	0.00	0.00	0.00	S0	0	0	0	-1	fda1:29cf:3ff5:275d:0769:2d02:6278:53b2	5089	fda1:29cf:3ff5:41ba:7d00:277e:603e:277e	15062	00:01:14	udp
0.000000	sip	0	0	0	0.00	0.00	1.00	0	0	0.00	0.00	0.00	S0	0	0	0	-1	fda1:29cf:3ff5:275d:0769:2d02:6278:53b2	5089	fda1:29cf:3ff5:00be:7db8:271f:6009:2335	15061	00:01:14	udp
0.000000	sip	0	0	1	1.00	1.00	1.00	0	0	0.00	0.00	0.00	S0	0	0	0	-1	fda1:29cf:3ff5:275d:0769:2d02:6278:53b2	5089	fda1:29cf:3ff5:00be:7db8:271f:6009:2335	15062	00:01:14	udp
0.000000	sip	0	0	0	0.00	0.00	1.00	0	0	0.00	0.00	0.00	S0	0	0	0	-1	fda1:29cf:3ff5:275d:0769:2d02:6278:53b2	5089	fda1:29cf:3ff5:3ae6:7d92:27e6:607c:1f77	15061	00:01:14	udp
0.000000	sip	0	0	1	1.00	1.00	1.00	0	0	0.00	0.00	0.00	S0	0	0	0	-1	fda1:29cf:3ff5:275d:0769:2d02:6278:53b2	5089	fda1:29cf:3ff5:3ae6:7d92:27e6:607c:1f77	15062	00:01:14	udp
0.000000	sip	0	0	0	0.00	0.00	1.00	0	0	0.00	0.00	0.00	S0	0	0	0	-1	fda1:29cf:3ff5:275d:0769:2d02:6278:53b2	5089	fda1:29cf:3ff5:9d32:7dcf:2733:6039:1b04	15061	00:01:14	udp
0.000000	sip	0	0	1	1.00	1.00	1.00	0	0	0.00	0.00	0.00	S0	0	0	0	-1	fda1:29cf:3ff5:275d:0769:2d02:6278:53b2	5089	fda1:29cf:3ff5:9d32:7dcf:2733:6039:1b04	15062	00:01:14	udp
0.000000	sip	0	0	0	0.00	0.00	1.00	0	0	0.00	0.00	0.00	S0	0	0	0	-1	fda1:29cf:3ff5:275d:0769:2d02:6278:53b2	5089	fda1:29cf:3ff5:d7e0:7dad:2752:60de:17b4	15061	00:01:14	udp
0.000000	sip	0	0	1	1.00	1.00	1.00	0	0	0.00	0.00	0.00	S0	0	0	0	-1	fda1:29cf:3ff5:275d:0769:2d02:6278:53b2	5089	fda1:29cf:3ff5:d7e0:7dad:2752:60de:17b4	15062	00:01:14	udp
0.000000	sip	0	0	0	0.00	0.00	1.00	0	0	0.00	0.00	0.00	S0	0	0	0	-1	fda1:29cf:3ff5:275d:0769:2d02:6278:53b2	5089	fda1:29cf:3ff5:4fb8:7dfa:2737:6096:138c	15061	00:01:14	udp
0.000000	sip	0	0	1	1.00	1.00	1.00	0	0	0.00	0.00	0.00	S0	0	0	0	-1	fda1:29cf:3ff5:275d:0769:2d02:6278:53b2	5089	fda1:29cf:3ff5:4fb8:7dfa:2737:6096:138c	15062	00:01:14	udp
0.000000	sip	0	0	0	0.00	0.00	1.00	0	0	0.00	0.00	0.00	S0	0	0	0	-1	fda1:29cf:3ff5:275d:0769:2d02:6278:53b2	5089	fda1:29cf:3ff5:d547:7db2:2753:609a:0f45	15061	00:01:14	udp
0.000000	sip	0	0	1	1.00	1.00	1.00	0	0	0.00	0.00	0.00	S0	0	0	0	-1	fda1:29cf:3ff5:275d:0769:2d02:6278:53b2	5089	fda1:29cf:3ff5:d547:7db2:2753:609a:0f45	15062	00:01:14	udp
0.000000	sip	0	0	0	0.00	0.00	1.00	0	0	0.00	0.00	0.00	S0	0	0	0	-1	fda1:29cf:3ff5:275d:0769:2d02:6278:53b2	5089	fda1:29cf:3ff5:79c6:7db3:27ef:604e:0b21	15061	00:01:14	udp
0.000000	sip	0	0	1	1.00	1.00	1.00	0	0	0.00	0.00	0.00	S0	0	0	0	-1	fda1:29cf:3ff5:275d:0769:2d02:6278:53b2	5089	fda1:29cf:3ff5:79c6:7db3:27ef:604e:0b21	15062	00:01:14	udp
0.000000	sip	0	0	0	0.00	0.00	1.00	0	0	0.00	0.00	0.00	S0	0	0	0	-1	fda1:29cf:3ff5:275d:0769:2d02:6278:53b2	5089	fda1:29cf:3ff5:1d2f:7d4f:27f0:604f:0772	15061	00:01:14	udp
0.000000	sip	0	0	1	1.00	1.00	1.00	0	0	0.00	0.00	0.00	S0	0	0	0	-1	fda1:29cf:3ff5:275d:0769:2d02:6278:53b2	5089	fda1:29cf:3ff5:1d2f:7d4f:27f0:604f:0772	15062	00:01:14	udp
0.000000	sip	0	0	0	0.00	0.00	1.00	0	0	0.00	0.00	0.00	S0	0	0	0	-1	fda1:29cf:3ff5:275d:0769:2d02:6278:53b2	5089	fda1:29cf:3ff5:c7a1:7d75:278f:60c0:033a	15061	00:01:14	udp
0.000000	sip	0	0	1	1.00	1.00	1.00	0	0	0.00	0.00	0.00	S0	0	0	0	-1	fda1:29cf:3ff5:275d:0769:2d02:6278:53b2	5089	fda1:29cf:3ff5:c7a1:7d75:278f:60c0:033a	15062	00:01:14	udp
0.000000	sip	0	0	0	0.00	0.00	1.00	0	0	0.00	0.00	0.00	S0	0	0	0	-1	fda1:29cf:3ff5:275d:0769:2d02:6278:53b2	5089	fda1:29cf:3ff5:252c:7d64:2763:60cb:3fea	15061	00:01:14	udp
0.000000	sip	0	0	1	1.00	1.00	1.00	0	0	0.00	0.00	0.00	S0	0	0	0	-1	fda1:29cf:3ff5:275d:0769:2d02:6278:53b2	5089	fda1:29cf:3ff5:252c:7d64:2763:60cb:3fea	15062	00:01:14	udp
0.000000	sip	0	0	0	0.00	0.00	1.00	0	0	0.00	0.00	0.00	S0	0	0	0	-1	fda1:29cf:3ff5:275d:0769:2d02:6278:53b2	5089	fda1:29cf:3ff5:fa58:7d47:27f2:605e:3c07	15061	00:01:14	udp
0.000000	sip	0	0	1	1.00	1.00	1.00	0	0	0.00	0.00	0.00	S0	0	0	0	-1	fda1:29cf:3ff5:275d:0769:2d02:6278:53b2	5089	fda1:29cf:3ff5:fa58:7d47:27f2:605e:3c07	15062	00:01:14	udp
0.000000	sip	0	0	0	0.00	0.00	1.00	0	0	0.00	0.00	0.00	S0	0	0	0	-1	fda1:29cf:3ff5:275d:0769:2d02:6278:53b2	5089	fda1:29cf:3ff5:51c9:7d12:2750:60b0:3923	15061	00:01:14	udp
0.000000	sip	0	0	1	1.00	1.00	1.00	0	0	0.00	0.00	0.00	S0	0	0	0	-1	fda1:29cf:3ff5:275d:0769:2d02:6278:53b2	5089	fda1:29cf:3ff5:51c9:7d12:2750:60b0:3923	15062	00:01:14	udp
0.000000	sip	0	0	0	0.00	0.00	1.00	0	0	0.00	0.00	0.00	S0	0	0	0	-1	fda1:29cf:3ff5:275d:0769:2d02:6278:53b2	5089	fda1:29cf:3ff5:4cb1:7dff:27c2:60f8:3605	15061	00:01:14	udp
0.000000	sip	0	0	1	1.00	1.00	1.00	0	0	0.00	0.00	0.00	S0	0	0	0	-1	fda1:29cf:3ff5:275d:0769:2d02:6278:53b2	5089	fda1:29cf:3ff5:4cb1:7dff:27c2:60f8:3605	15062	00:01:14	udp
0.000000	sip	0	0	0	0.00	0.00	1.00	0	0	0.00	0.00	0.00	S0	0	0	0	-1	fda1:29cf:3ff5:275d:0769:2d02:6278:53b2	5089	fda1:29cf:3ff5:cf2c:7df5:27e8:60c5:3318	15061	00:01:14	udp
0.000000	sip	0	0	1	1.00	1.00	1.00	0	0	0.00	0.00	0.00	S0	0	0	0	-1	fda1:29cf:3ff5:275d:0769:2d02:6278:53b2	5089	fda1:29cf:3ff5:cf2c:7df5:27e8:60c5:3318	15062	00:01:14	udp
0.000000	sip	0	0	0	0.00	0.00	1.00	0	0	0.00	0.00	0.00	S0	0	0	0	-1	fda1:29cf:3ff5:275d:0769:2d02:6278:53b2	5089	fda1:29cf:3ff5:5973:7d43:27f7:60a0:305a	15061	00:01:14	udp
0.000000	sip	0	0	1	1.00	1.00	1.00	0	0	0.00	0.00	0.00	S0	0	0	0	-1	fda1:29cf:3ff5:275d:0769:2d02:6278:53b2	5089	fda1:29cf:3ff5:5973:7d43:27f7:60a0:305a	15062	00:01:14	udp
0.000000	sip	0	0	0	0.00	0.00	1.00	0	0	0.00	0.00	0.00	S0	0	0	0	-1	fda1:29cf:3ff5:275d:0769:2d02:6278:53b2	5089	fda1:29cf:3ff5:4ddb:7d96:279b:60c7:2d4f	15061	00:01:14	udp
0.000000	sip	0	0	1	1.00	1.00	1.00	0	0	0.00	0.00	0.00	S0	0	0	0	-1	fda1:29cf:3ff5:275d:0769:2d02:6278:53b2	5089	fda1:29cf:3ff5:4ddb:7d96:279b:60c7:2d4f	15062	00:01:14	udp
0.000000	sip	0	0	0	0.00	0.00	1.00	0	0	0.00	0.00	0.00	S0	0	0	0	-1	fda1:29cf:3ff5:275d:0769:2d02:6278:53b2	5089	fda1:29cf:3ff5:5d48:7dc1:27d1:60b1:2a3b	15061	00:01:14	udp
0.000000	sip	0	0	1	1.00	1.00	1.00	0	0	0.00	0.00	0.00	S0	0	0	0	-1	fda1:29cf:3ff5:275d:0769:2d02:6278:53b2	5089	fda1:29cf:3ff5:5d48:7dc1:27d1:60b1:2a3b	15062	00:01:14	udp
0.000000	sip	0	0	0	0.00	0.00	1.00	0	0	0.00	0.00	0.00	S0	0	0	0	-1	fda1:29cf:3ff5:275d:0769:2d02:6278:53b2	5089	fda1:29cf:3ff5:7989:7dad:2794:60da:279f	15061	00:01:14	udp
0.000000	sip	0	0	1	1.00	1.00	1.00	0	0	0.00	0.00	0.00	S0	0	0	0	-1	fda1:29cf:3ff5:275d:0769:2d02:6278:53b2	5089	fda1:29cf:3ff5:7989:7dad:2794:60da:279f	15062	00:01:14	udp
0.000000	sip	0	0	0	0.00	0.00	1.00	0	0	0.00	0.00	0.00	S0	0	0	0	-1	fda1:29cf:3ff5:275d:0769:2d02:6278:53b2	5089	fda1:29cf:3ff5:7218:7d81:2798:6080:2405	15061	00:01:14	udp
0.000000	sip	0	0	1	1.00	1.00	1.00	0	0	0.00	0.00	0.00	S0	0	0	0	-1	fda1:29cf:3ff5:275d:0769:2d02:6278:53b2	5089	fda1:29cf:3ff5:7218:7d81:2798:6080:2405	15062	00:01:14	udp
0.000000	sip	0	0	0	0.00	0.00	1.00	0	0	0.00	0.00	0.00	S0	0	0	0	-1	fda1:29cf:3ff5:275d:0769:2d02:6278:53b2	5089	fda1:29cf:3ff5:998f:7daf:279f:60de:21d5	15061	00:01:14	udp
0.000000	sip	0	0	1	1.00	1.00	1.00	0	0	0.00	0.00	0.00	S0	0	0	0	-1	fda1:29cf:3ff5:275d:0769:2d02:6278:53b2	5089	fda1:29cf:3ff5:998f:7daf:279f:60de:21d5	15062	00:01:14	udp
0.000000	sip	0	0	0	0.00	0.00	1.00	0	0	0.00	0.00	0.00	S0	0	0	0	-1	fda1:29cf:3ff5:275d:0769:2d02:6278:53b2	5089	fda1:29cf:3ff5:5999:7de7:27de:6035:1eb6	15061	00:01:14	udp
0.000000	sip	0	0	1	1.00	1.00	1.00	0	0	0.00	0.00	0.00	S0	0	0	0	-1	fda1:29cf:3ff5:275d:0769:2d02:6278:53b2	5089	fda1:29cf:3ff5:5999:7de7:27de:6035:1eb6	15062	00:01:14	udp
0.000000	sip	0	0	0	0.00	0.00	1.00	0	0	0.00	0.00	0.00	S0	0	0	0	-1	fda1:29cf:3ff5:275d:0769:2d02:6278:53b2	5089	fda1:29cf:3ff5:12b1:7d4c:27da:60a7:1ba8	15061	00:01:14	udp
0.000000	sip	0	0	1	1.00	1.00	1.00	0	0	0.00	0.00	0.00	S0	0	0	0	-1	fda1:29cf:3ff5:275d:0769:2d02:6278:53b2	5089	fda1:29cf:3ff5:12b1:7d4c:27da:60a7:1ba8	15062	00:01:14	udp
0.000000	sip	0	0	0	0.00	0.00	1.00	0	0	0.00	0.00	0.00	S0	0	0	0	-1	fda1:29cf:3ff5:275d:0769:2d02:6278:53b2	5089	fda1:29cf:3ff5:e605:7de2:277d:60b7:1847	15061	00:01:14	udp
0.000000	sip	0	0	1	1.00	1.00	1.00	0	0	0.00	0.00	0.00	S0	0	0	0	-1	fda1:29cf:3ff5:275d:0769:2d02:6278:53b2	5089	fda1:29cf:3ff5:e605:7de2:277d:60b7:1847	15062	00:01:14	udp
0.000000	sip	0	0	0	0.00	0.00	1.00	0	0	0.00	0.00	0.00	S0	0	0	0	-1	fda1:29cf:3ff5:275d:0769:2d02:6278:53b2	5089	fda1:29cf:3ff5:acb1:7d90:2773:6092:153b	15061	00:01:14	udp
0.000000	sip	0	0	1	1.00	1.00	1.00	0	0	0.00	0.00	0.00	S0	0	0	0	-1	fda1:29cf:3ff5:275d:0769:2d02:6278:53b2	5089	fda1:29cf:3ff5:acb1:7d90:2773:6092:153b	15062	00:01:14	udp
0.000000	sip	0	0	0	0.00	0.00	1.00	0	0	0.00	0.00	0.00	S0	0	0	0	-1	fda1:29cf:3ff5:275d:0769:2d02:6278:53b2	5089	fda1:29cf:3ff5:240e:7d6e:27d9:60f1:1274	15061	00:01:14	udp
0.000000	sip	0	0	1	1.00	1.00	1.00	0	0	0.00	0.00	0.00	S0	0	0	0	-1	fda1:29cf:3ff5:275d:0769:2d02:6278:53b2	5089	fda1:29cf:3ff5:240e:7d6e:27d9:60f1:1274	15062	00:01:14	udp
0.000000	sip	0	0	0	0.00	0.00	1.00	0	0	0.00	0.00	0.00	S0	0	0	0	-1	fda1:29cf:3ff5:275d:0769:2d02:6278:53b2	5089	fda1:29cf:3ff5:0f58:7d30:272f:60ac:0ff4	15061	00:01:14	udp
0.000000	sip	0	0	1	1.00	1.00	1.00	0	0	0.00	0.00	0.00	S0	0	0	0	-1	fda1:29cf:3ff5:275d:0769:2d02:6278:53b2	5089	fda1:29cf:3ff5:0f58:7d30:272f:60ac:0ff4	15062	00:01:14	udp
0.000000	sip	0	0	0	0.00	0.00	1.00	0	0	0.00	0.00	0.00	S0	0	0	0	-1	fda1:29cf:3ff5:275d:0769:2d02:6278:53b2	5089	fda1:29cf:3ff5:c8af:7d4f:2729:60da:0cc5	15061	00:01:14	udp
0.000000	sip	0	0	1	1.00	1.00	1.00	0	0	0.00	0.00	0.00	S0	0	0	0	-1	fda1:29cf:3ff5:275d:0769:2d02:6278:53b2	5089	fda1:29cf:3ff5:c8af:7d4f:2729:60da:0cc5	15062	00:01:14	udp
0.000000	sip	0	0	0	0.00	0.00	1.00	0	0	0.00	0.00	0.00	S0	0	0	0	-1	fda1:29cf:3ff5:275d:0769:2d02:6278:53b2	5089	fda1:29cf:3ff5:48e4:7d4a:2744:60ec:0945	15061	00:01:14	udp
0.000000	sip	0	0	1	1.00	1.00	1.00	0	0	0.00	0.00	0.00	S0	0	0	0	-1	fda1:29cf:3ff5:275d:0769:2d02:6278:53b2	5089	fda1:29cf:3ff5:48e4:7d4a:2744:60ec:0945	15062	00:01:14	udp
0.000000	sip	0	0	0	0.00	0.00	1.00	0	0	0.00	0.00	0.00	S0	0	0	0	-1	fda1:29cf:3ff5:275d:0769:2d02:6278:53b2	5089	fda1:29cf:3ff5:cb03:7d62:27f2:60b3:06e7	15061	00:01:14	udp
0.000000	sip	0	0	1	1.00	1.00	1.00	0	0	0.00	0.00	0.00	S0	0	0	0	-1	fda1:29cf:3ff5:275d:0769:2d02:6278:53b2	5089	fda1:29cf:3ff5:cb03:7d62:27f2:60b3:06e7	15062	00:01:14	udp
0.000000	sip	0	0	0	0.00	0.00	1.00	0	0	0.00	0.00	0.00	S0	0	0	0	-1	fda1:29cf:3ff5:275d:0769:2d02:6278:53b2	5089	fda1:29cf:3ff5:a1bd:7d1d:27be:603a:0365	15061	00:01:14	udp
0.000000	sip	0	0	1	1.00	1.00	1.00	0	0	0.00	0.00	0.00	S0	0	0	0	-1	fda1:29cf:3ff5:275d:0769:2d02:6278:53b2	5089	fda1:29cf:3ff5:a1bd:7d1d:27be:603a:0365	15062	00:01:14	udp
0.000000	sip	0	0	0	0.00	0.00	1.00	0	0	0.00	0.00	0.00	S0	0	0	0	-1	fda1:29cf:3ff5:275d:0769:2d02:6278:53b2	5089	fda1:29cf:3ff5:31ce:7d0e:27ec:6035:0079	15061	00:01:14	udp
0.000000	sip	0	0	1	1.00	1.00	1.00	0	0	0.00	0.00	0.00	S0	0	0	0	-1	fda1:29cf:3ff5:275d:0769:2d02:6278:53b2	5089	fda1:29cf:3ff5:31ce:7d0e:27ec:6035:0079	15062	00:01:14	udp
0.000000	sip	0	0	0	0.00	0.00	1.00	0	0	0.00	0.00	0.00	S0	0	0	0	-1	fda1:29cf:3ff5:275d:0769:2d02:6278:53b2	5089	fda1:29cf:3ff5:1b4f:7dfa:27c7:6019:5398	15061	00:01:14	udp
0.000000	sip	0	0	1	1.00	1.00	1.00	0	0	0.00	0.00	0.00	S0	0	0	0	-1	fda1:29cf:3ff5:275d:0769:2d02:6278:53b2	5089	fda1:29cf:3ff5:1b4f:7dfa:27c7:6019:5398	15062	00:01:14	udp
0.000000	sip	0	0	0	0.00	0.00	1.00	0	0	0.00	0.00	0.00	S0	0	0	0	-1	fda1:29cf:3ff5:275d:0769:2d02:6278:53b2	5089	fda1:29cf:3ff5:fe89:7dad:2713:6081:5141	15061	00:01:14	udp
0.000000	sip	0	0	1	1.00	1.00	1.00	0	0	0.00	0.00	0.00	S0	0	0	0	-1	fda1:29cf:3ff5:275d:0769:2d02:6278:53b2	5089	fda1:29cf:3ff5:fe89:7dad:2713:6081:5141	15062	00:01:14	udp
0.000000	sip	0	0	0	0.00	0.00	1.00	0	0	0.00	0.00	0.00	S0	0	0	0	-1	fda1:29cf:3ff5:275d:0769:2d02:6278:53b2	5089	fda1:29cf:3ff5:aa02:7d69:27f9:6052:4f02	15061	00:01:14	udp
0.000000	sip	0	0	1	1.00	1.00	1.00	0	0	0.00	0.00	0.00	S0	0	0	0	-1	fda1:29cf:3ff5:275d:0769:2d02:6278:53b2	5089	fda1:29cf:3ff5:aa02:7d69:27f9:6052:4f02	15062	00:01:14	udp
0.000000	sip	0	0	0	0.00	0.00	1.00	0	0	0.00	0.00	0.00	S0	0	0	0	-1	fda1:29cf:3ff5:275d:0769:2d02:6278:53b2	5089	fda1:29cf:3ff5:0fa8:7d33:2798:6012:4d1f	15061	00:01:14	udp
0.000000	sip	0	0	1	1.00	1.00	1.00	0	0	0.00	0.00	0.00	S0	0	0	0	-1	fda1:29cf:3ff5:275d:0769:2d02:6278:53b2	5089	fda1:29cf:3ff5:0fa8:7d33:2798:6012:4d1f	15062	00:01:14	udp
0.000000	sip	0	0	0	0.00	0.00	1.00	0	0	0.00	0.00	0.00	S0	0	0	0	-1	fda1:29cf:3ff5:275d:0769:2d02:6278:53b2	5089	fda1:29cf:3ff5:5e9f:7d27:27d1:6040:4b91	15061	00:01:14	udp
0.000000	sip	0	0	1	1.00	1.00	1.00	0	0	0.00	0.00	0.00	S0	0	0	0	-1	fda1:29cf:3ff5:275d:0769:2d02:6278:53b2	5089	fda1:29cf:3ff5:5e9f:7d27:27d1:6040:4b91	15062	00:01:14	udp
0.000000	sip	0	0	0	0.00	0.00	1.00	0	0	0.00	0.00	0.00	S0	0	0	0	-1	fda1:29cf:3ff5:275d:0769:2d02:6278:53b2	5089	fda1:29cf:3ff5:1da1:7d61:27f4:60dc:49c1	15061	00:01:14	udp
0.000000	sip	0	0	1	1.00	1.00	1.00	0	0	0.00	0.00	0.00	S0	0	0	0	-1	fda1:29cf:3ff5:275d:0769:2d02:6278:53b2	5089	fda1:29cf:3ff5:1da1:7d61:27f4:60dc:49c1	15062	00:01:14	udp
0.000000	sip	0	0	0	0.00	0.00	1.00	0	0	0.00	0.00	0.00	S0	0	0	0	-1	fda1:29cf:3ff5:275d:0769:2d02:6278:53b2	5089	fda1:29cf:3ff5:cd1e:7d25:27f2:6025:473a	15061	00:01:14	udp
0.000000	sip	0	0	1	1.00	1.00	1.00	0	0	0.00	0.00	0.00	S0	0	0	0	-1	fda1:29cf:3ff5:275d:0769:2d02:6278:53b2	5089	fda1:29cf:3ff5:cd1e:7d25:27f2:6025:473a	15062	00:01:14	udp
0.000000	sip	0	0	0	0.00	0.00	1.00	0	0	0.00	0.00	0.00	S0	0	0	0	-1	fda1:29cf:3ff5:275d:0769:2d02:6278:53b2	5089	fda1:29cf:3ff5:5863:7d4e:27a1:60ce:45ea	15061	00:01:14	udp
0.000000	sip	0	0	1	1.00	1.00	1.00	0	0	0.00	0.00	0.00	S0	0	0	0	-1	fda1:29cf:3ff5:275d:0769:2d02:6278:53b2	5089	fda1:29cf:3ff5:5863:7d4e:27a1:60ce:45ea	15062	00:01:14	udp
0.000000	sip	0	0	0	0.00	0.00	1.00	0	0	0.00	0.00	0.00	S0	0	0	0	-1	fda1:29cf:3ff5:275d:0769:2d02:6278:53b2	5089	fda1:29cf:3ff5:f556:7db0:272b:6034:4305	15061	00:01:14	udp
0.000000	sip	0	0	1	1.00	1.00	1.00	0	0	0.00	0.00	0.00	S0	0	0	0	-1	fda1:29cf:3ff5:275d:0769:2d02:6278:53b2	5089	fda1:29cf:3ff5:f556:7db0:272b:6034:4305	15062	00:01:14	udp
0.000000	sip	0	0	0	0.00	0.00	1.00	0	0	0.00	0.00	0.00	S0	0	0	0	-1	fda1:29cf:3ff5:275d:0769:2d02:6278:53b2	5089	fda1:29cf:3ff5:09bb:7dec:27de:60fb:4139	15061	00:01:14	udp
0.000000	sip	0	0	1	1.00	1.00	1.00	0	0	0.00	0.00	0.00	S0	0	0	0	-1	fda1:29cf:3ff5:275d:0769:2d02:6278:53b2	5089	fda1:29cf:3ff5:09bb:7dec:27de:60fb:4139	15062	00:01:14	udp
0.000000	sip	0	0	0	0.00	0.00	1.00	0	0	0.00	0.00	0.00	S0	0	0	0	-1	fda1:29cf:3ff5:275d:0769:2d02:6278:53b2	5089	fda1:29cf:3ff5:190d:7d74:27c1:6049:3fb1	15061	00:01:14	udp
0.000000	sip	0	0	1	1.00	1.00	1.00	0	0	0.00	0.00	0.00	S0	0	0	0	-1	fda1:29cf:3ff5:275d:0769:2d02:6278:53b2	5089	fda1:29cf:3ff5:190d:7d74:27c1:6049:3fb1	15062	00:01:14	udp
0.000000	sip	0	0	0	0.00	0.00	1.00	0	0	0.00	0.00	0.00	S0	0	0	0	-1	fda1:29cf:3ff5:275d:0769:2d02:6278:53b2	5089	fda1:29cf:3ff5:1565:7d59:27c5:6062:3dc8	15061	00:01:14	udp
0.000000	sip	0	0	1	1.00	1.00	1.00	0	0	0.00	0.00	0.00	S0	0	0	0	-1	fda1:29cf:3ff5:275d:0769:2d02:6278:53b2	5089	fda1:29cf:3ff5:1565:7d59:27c5:6062:3dc8	15062	00:01:14	udp
0.000000	sip	0	0	0	0.00	0.00	1.00	0	0	0.00	0.00	0.00	S0	0	0	0	-1	fda1:29cf:3ff5:275d:0769:2d02:6278:53b2	5089	fda1:29cf:3ff5:19ae:7d95:27c0:6010:3b15	15061	00:01:14	udp
0.000000	sip	0	0	1	1.00	1.00	1.00	0	0	0.00	0.00	0.00	S0	0	0	0	-1	fda1:29cf:3ff5:275d:0769:2d02:6278:53b2	5089	fda1:29cf:3ff5:19ae:7d95:27c0:6010:3b15	15062	00:01:14	udp
0.000000	sip	0	0	0	0.00	0.00	1.00	0	0	0.00	0.00	0.00	S0	0	0	0	-1	fda1:29cf:3ff5:275d:0769:2d02:6278:53b2	5089	fda1:29cf:3ff5:4f58:7d3c:2758:60bf:396b	15061	00:01:14	udp
0.000000	sip	0	0	1	1.00	1.00	1.00	0	0	0.00	0.00	0.00	S0	0	0	0	-1	fda1:29cf:3ff5:275d:0769:2d02:6278:53b2	5089	fda1:29cf:3ff5:4f58:7d3c:2758:60bf:396b	15062	00:01:14	udp
0.000000	other	0	0	0	0.00	0.00	0.00	37	37	0.03	0.92	0.92	S0	0	0	0	-1	fda1:29cf:3ff5:d804:40d8:095b:0656:09cb	3366	fda1:29cf:3ff5:d1ef:7d47:27ee:6134:0380	445	00:01:15	tcp
0.000000	other	0	0	1	1.00	1.00	1.00	91	97	0.01	1.00	0.94	S0	0	0	0	-1	fda1:29cf:3ff5:d804:40d8:095b:0656:09cb	3368	fda1:29cf:3ff5:d1ef:7d47:27ee:6134:0380	139	00:01:15	tcp
0.000000	other	0	0	2	1.00	1.00	1.00	91	97	0.01	1.00	0.94	S0	0	0	0	-1	fda1:29cf:3ff5:d804:40d8:095b:0656:09cb	3369	fda1:29cf:3ff5:d1ef:7d47:27ee:6134:0380	139	00:01:15	tcp
0.000000	sip	0	0	0	0.00	0.00	1.00	0	0	0.00	0.00	0.00	S0	0	0	0	-1	fda1:29cf:3ff5:275d:0769:2d02:6278:53b2	5089	fda1:29cf:3ff5:e3e1:7daa:2761:609a:7c84	15062	00:01:15	udp
0.000000	sip	0	0	0	0.00	0.00	1.00	0	0	0.00	0.00	0.00	S0	0	0	0	-1	fda1:29cf:3ff5:275d:0769:2d02:6278:53b2	5089	fda1:29cf:3ff5:fbd6:7d96:2737:60d0:7b31	15061	00:01:15	udp
0.000000	sip	0	0	1	1.00	1.00	1.00	0	0	0.00	0.00	0.00	S0	0	0	0	-1	fda1:29cf:3ff5:275d:0769:2d02:6278:53b2	5089	fda1:29cf:3ff5:fbd6:7d96:2737:60d0:7b31	15062	00:01:15	udp
0.000000	sip	0	0	0	0.00	0.00	1.00	0	0	0.00	0.00	0.00	S0	0	0	0	-1	fda1:29cf:3ff5:275d:0769:2d02:6278:53b2	5089	fda1:29cf:3ff5:e440:7d3e:2765:60c8:7a54	15061	00:01:15	udp
0.000000	sip	0	0	1	1.00	1.00	1.00	0	0	0.00	0.00	0.00	S0	0	0	0	-1	fda1:29cf:3ff5:275d:0769:2d02:6278:53b2	5089	fda1:29cf:3ff5:e440:7d3e:2765:60c8:7a54	15062	00:01:15	udp
0.000000	sip	0	0	0	0.00	0.00	1.00	0	0	0.00	0.00	0.00	S0	0	0	0	-1	fda1:29cf:3ff5:275d:0769:2d02:6278:53b2	5089	fda1:29cf:3ff5:0228:7db5:27a9:605a:794c	15061	00:01:15	udp
0.000000	sip	0	0	1	1.00	1.00	1.00	0	0	0.00	0.00	0.00	S0	0	0	0	-1	fda1:29cf:3ff5:275d:0769:2d02:6278:53b2	5089	fda1:29cf:3ff5:0228:7db5:27a9:605a:794c	15062	00:01:15	udp
0.000000	sip	0	0	0	0.00	0.00	1.00	0	0	0.00	0.00	0.00	S0	0	0	0	-1	fda1:29cf:3ff5:275d:0769:2d02:6278:53b2	5089	fda1:29cf:3ff5:e404:7d76:2751:604c:7876	15061	00:01:15	udp
0.000000	sip	0	0	1	1.00	1.00	1.00	0	0	0.00	0.00	0.00	S0	0	0	0	-1	fda1:29cf:3ff5:275d:0769:2d02:6278:53b2	5089	fda1:29cf:3ff5:e404:7d76:2751:604c:7876	15062	00:01:15	udp
0.000000	sip	0	0	0	0.00	0.00	1.00	0	0	0.00	0.00	0.00	S0	0	0	0	-1	fda1:29cf:3ff5:275d:0769:2d02:6278:53b2	5089	fda1:29cf:3ff5:762f:7dad:2770:6065:77d7	15061	00:01:15	udp
0.000000	sip	0	0	1	1.00	1.00	1.00	0	0	0.00	0.00	0.00	S0	0	0	0	-1	fda1:29cf:3ff5:275d:0769:2d02:6278:53b2	5089	fda1:29cf:3ff5:762f:7dad:2770:6065:77d7	15062	00:01:15	udp
0.000000	sip	0	0	0	0.00	0.00	1.00	0	0	0.00	0.00	0.00	S0	0	0	0	-1	fda1:29cf:3ff5:275d:0769:2d02:6278:53b2	5089	fda1:29cf:3ff5:f975:7db5:27c4:60cd:764e	15061	00:01:15	udp
0.000000	sip	0	0	1	1.00	1.00	1.00	0	0	0.00	0.00	0.00	S0	0	0	0	-1	fda1:29cf:3ff5:275d:0769:2d02:6278:53b2	5089	fda1:29cf:3ff5:f975:7db5:27c4:60cd:764e	15062	00:01:15	udp
0.000000	sip	0	0	0	0.00	0.00	1.00	0	0	0.00	0.00	0.00	S0	0	0	0	-1	fda1:29cf:3ff5:275d:0769:2d02:6278:53b2	5089	fda1:29cf:3ff5:3a8b:7daf:2752:6015:75e8	15061	00:01:15	udp
0.000000	sip	0	0	1	1.00	1.00	1.00	0	0	0.00	0.00	0.00	S0	0	0	0	-1	fda1:29cf:3ff5:275d:0769:2d02:6278:53b2	5089	fda1:29cf:3ff5:3a8b:7daf:2752:6015:75e8	15062	00:01:15	udp
0.000000	sip	0	0	0	0.00	0.00	1.00	0	0	0.00	0.00	0.00	S0	0	0	0	-1	fda1:29cf:3ff5:275d:0769:2d02:6278:53b2	5089	fda1:29cf:3ff5:958d:7d06:2798:60ad:7455	15061	00:01:15	udp
0.000000	sip	0	0	1	1.00	1.00	1.00	0	0	0.00	0.00	0.00	S0	0	0	0	-1	fda1:29cf:3ff5:275d:0769:2d02:6278:53b2	5089	fda1:29cf:3ff5:958d:7d06:2798:60ad:7455	15062	00:01:15	udp
0.000000	sip	0	0	0	0.00	0.00	1.00	0	0	0.00	0.00	0.00	S0	0	0	0	-1	fda1:29cf:3ff5:275d:0769:2d02:6278:53b2	5089	fda1:29cf:3ff5:d7fe:7d5f:27c9:6069:73b6	15061	00:01:15	udp
0.000000	sip	0	0	1	1.00	1.00	1.00	0	0	0.00	0.00	0.00	S0	0	0	0	-1	fda1:29cf:3ff5:275d:0769:2d02:6278:53b2	5089	fda1:29cf:3ff5:d7fe:7d5f:27c9:6069:73b6	15062	00:01:15	udp
0.000000	sip	0	0	0	0.00	0.00	1.00	0	0	0.00	0.00	0.00	S0	0	0	0	-1	fda1:29cf:3ff5:275d:0769:2d02:6278:53b2	5089	fda1:29cf:3ff5:06c9:7d22:2787:60a3:7282	15061	00:01:15	udp
0.000000	sip	0	0	1	1.00	1.00	1.00	0	0	0.00	0.00	0.00	S0	0	0	0	-1	fda1:29cf:3ff5:275d:0769:2d02:6278:53b2	5089	fda1:29cf:3ff5:06c9:7d22:2787:60a3:7282	15062	00:01:15	udp
0.000000	sip	0	0	0	0.00	0.00	1.00	0	0	0.00	0.00	0.00	S0	0	0	0	-1	fda1:29cf:3ff5:275d:0769:2d02:6278:53b2	5089	fda1:29cf:3ff5:7aba:7d56:27a8:6007:71df	15061	00:01:15	udp
0.000000	sip	0	0	1	1.00	1.00	1.00	0	0	0.00	0.00	0.00	S0	0	0	0	-1	fda1:29cf:3ff5:275d:0769:2d02:6278:53b2	5089	fda1:29cf:3ff5:7aba:7d56:27a8:6007:71df	15062	00:01:15	udp
0.000000	sip	0	0	0	0.00	0.00	1.00	0	0	0.00	0.00	0.00	S0	0	0	0	-1	fda1:29cf:3ff5:275d:0769:2d02:6278:53b2	5089	fda1:29cf:3ff5:bfff:7d08:2773:60e0:70ff	15061	00:01:15	udp
0.000000	sip	0	0	1	1.00	1.00	1.00	0	0	0.00	0.00	0.00	S0	0	0	0	-1	fda1:29cf:3ff5:275d:0769:2d02:6278:53b2	5089	fda1:29cf:3ff5:bfff:7d08:2773:60e0:70ff	15062	00:01:15	udp