openflow:2:1	0	5	0	425	
openflow:2:1	0	6	0	510	
openflow:2:1	0	7	0	595	
openflow:2:1	0	7	0	595	
openflow:2:1	0	8	0	680	
openflow:2:1	0	8	0	680	
openflow:2:1	0	9	0	765	
openflow:2:1	46	75	2996	5860	
openflow:2:1	100	154	6734	12226	
openflow:2:1	144	199	10001	15655	
openflow:2:1	194	254	13440	20765	
openflow:2:1	289	352	20268	29039	
openflow:2:1	313	376	21995	31063	
openflow:2:1	377	441	26604	36532	
openflow:2:1	404	468	28474	39074	
openflow:2:1	461	526	32632	43761	
openflow:2:1	500	566	35316	47580	
openflow:2:1	548	616	38874	51216	
openflow:2:1	617	695	43654	57921	
openflow:2:1	659	740	46648	61275	
openflow:2:1	738	826	52229	67978	
openflow:2:1	785	887	55512	72927	
openflow:2:1	856	962	60574	78421	
openflow:2:1	922	1038	65153	84816	
openflow:2:1	963	1080	68131	87876	
openflow:2:1	1025	1145	72459	93681	
openflow:2:1	1063	1187	75163	96968	
openflow:2:1	1304	1495	91756	122147	
openflow:2:1	1436	1631	101402	132875	
openflow:2:1	1561	1771	110061	145326	
openflow:2:1	1674	1886	118313	154159	
openflow:2:1	1873	2135	131729	173049	
openflow:2:1	2181	2673	150822	204280	
openflow:2:1	2602	3337	177623	245936	
openflow:2:1	2922	3903	197172	279127	
openflow:2:1	3332	4561	223312	319230	
openflow:2:1	3671	5144	244140	354484	
openflow:2:1	4044	5759	267769	390725	
openflow:2:1	4240	6011	280920	409925	
openflow:2:1	4343	6122	288379	418366	
openflow:2:1	4640	6450	309357	444825	
openflow:2:1	4846	6672	323939	462184	
openflow:2:1	4966	6809	332281	473642	
openflow:2:1	5119	6968	343266	485875	
openflow:2:1	5262	7125	353259	499440	
openflow:2:1	5373	7239	361346	508188	
openflow:2:1	5590	7487	376227	528871	
openflow:2:1	5779	7728	389482	548201	
openflow:2:1	6013	7973	406348	568070	
openflow:2:1	6213	8190	420344	586867	
openflow:2:1	6429	8415	435893	604829	
openflow:2:1	6663	8663	452387	626160	
openflow:2:1	6848	8856	465695	641442	
openflow:2:1	7113	9137	484463	664839	
openflow:2:1	7305	9345	498055	681634	
openflow:2:1	8264	10819	559732	775913	
openflow:2:1	8979	12022	604585	846943	
openflow:2:1	9681	13208	648133	919142	
openflow:2:1	10340	14333	689130	985075	
openflow:2:1	11090	15575	736201	1060423	
openflow:2:1	11769	16743	778340	1130034	
openflow:2:1	12196	17337	806730	1169334	
openflow:2:1	12416	17578	822174	1189355	
openflow:2:1	12655	17829	839213	1209228	
openflow:2:1	12881	18068	855135	1229546	
openflow:2:1	13094	18297	870347	1247879	
openflow:2:1	13561	18799	903487	1288782	
openflow:2:1	13826	19078	922302	1311599	
openflow:2:1	14028	19293	936541	1329653	
openflow:2:1	14276	19555	954311	1350548	
openflow:2:1	14508	19806	970644	1371386	
openflow:2:1	14742	20058	987247	1391653	
openflow:2:1	14989	20322	1004736	1413216	
openflow:2:1	100	155	6748	12282	
openflow:2:1	138	194	9564	15275	
openflow:2:1	191	252	13223	20623	
openflow:2:1	226	290	15824	23486	
openflow:2:1	285	349	19993	28740	
openflow:2:1	311	376	21830	31141	
openflow:2:1	374	440	26406	36384	
openflow:2:1	402	468	28331	39072	
openflow:2:1	458	525	32412	43693	
openflow:2:1	500	567	35327	47625	
openflow:2:1	543	614	38522	51082	
openflow:2:1	619	700	43794	58297	
openflow:2:1	734	825	51965	67870	
openflow:2:1	788	891	55743	73170	
openflow:2:1	864	976	61134	79575	
openflow:2:1	923	1044	65221	85354	
openflow:2:1	971	1092	68664	89042	
openflow:2:1	1027	1149	72624	93983	
openflow:2:1	1062	1184	75154	96893	
openflow:2:1	1209	1371	85140	111830	
openflow:2:1	1325	1522	93306	124199	
openflow:2:1	1449	1647	102290	134377	
openflow:2:1	1568	1775	110604	145828	
openflow:2:1	1692	1906	119570	156050	
openflow:2:1	1836	2059	129743	169111	
openflow:2:1	1941	2168	137269	177868	
openflow:2:1	2261	2646	157959	208920	
openflow:2:1	2836	3560	194616	265575	
openflow:2:1	3113	4007	212051	293752	
openflow:2:1	3417	4485	231652	322919	
openflow:2:1	3663	4842	247761	347233	
openflow:2:1	3785	4974	256512	357396	
openflow:2:1	3965	5168	269208	372832	
openflow:2:1	4098	5317	278524	384765	
openflow:2:1	4249	5477	289291	397528	
openflow:2:1	4378	5619	298316	409484	
openflow:2:1	4511	5761	307840	420699	
openflow:2:1	4652	5909	317752	433243	
openflow:2:1	4769	6034	326111	443144	
openflow:2:1	5195	6552	355748	485375	
openflow:2:1	5414	6783	371583	503712	
openflow:2:1	5638	7019	387290	524368	
openflow:2:1	5833	7224	401390	540381	
openflow:2:1	6094	7503	419764	564390	
openflow:2:1	6268	7682	432231	578732	
openflow:2:1	6553	7987	452527	603705	
openflow:2:1	6718	8160	464064	618347	
openflow:2:1	6984	8436	483155	640534	
openflow:2:1	7177	8643	496635	658559	
openflow:2:1	7406	8888	513233	677369	
openflow:2:1	7668	9170	531532	701320	
openflow:2:1	7857	9367	545203	716746	
openflow:2:1	8167	9712	566975	744671	
openflow:2:1	8362	9926	580797	762014	
openflow:2:1	8868	10476	616517	806477	
openflow:2:1	9114	10738	634199	826953	
openflow:2:1	9365	11004	651759	849504	
openflow:2:1	9555	11201	665447	865053	
openflow:2:1	9815	11474	683800	888015	
openflow:2:1	10152	11974	705711	920338	
openflow:2:1	10813	13045	747592	986168	
openflow:2:1	11415	14072	784911	1047641	
openflow:2:1	12064	15135	825957	1111586	
openflow:2:1	12700	16198	865576	1176872	
openflow:2:1	13330	17238	905408	1238723	
openflow:2:1	13804	17949	936006	1285185	
openflow:2:1	14308	18499	971745	1329235	
openflow:2:1	14511	18721	986076	1347439	
openflow:2:1	14759	18979	1003718	1368230	
openflow:2:1	14982	19218	1019496	1388140	
openflow:2:1	15203	19450	1035273	1406791	
openflow:2:1	15441	19703	1052094	1428140	
openflow:2:1	15644	19915	1066620	1445164	
openflow:2:1	15895	20182	1084395	1467525	
openflow:2:1	16084	20379	1097813	1483791	
openflow:2:1	16342	20654	1116193	1506040	
openflow:2:1	16559	20893	1131505	1525649	
openflow:2:1	16813	21161	1149591	1547009	
openflow:2:1	17067	21443	1167440	1570016	
openflow:2:1	17318	21723	1185352	1591760	
openflow:2:1	17816	22261	1220534	1635298	
openflow:2:1	18061	22517	1237903	1656322	
openflow:2:1	18259	22721	1251924	1673685	
openflow:2:1	18489	22960	1268353	1692971	
openflow:2:1	18722	23216	1284864	1714182	
openflow:2:1	18953	23463	1301220	1734223	
openflow:2:1	19184	23703	1317638	1754335	
openflow:2:1	19394	23924	1332557	1772420	
openflow:2:1	19643	24190	1350315	1793872	
openflow:2:1	19870	24436	1366332	1814111	
openflow:2:1	20114	24695	1383684	1834968	
openflow:2:1	20339	24940	1399563	1854738	
openflow:2:1	20591	25214	1417411	1876601	
openflow:2:1	20849	25497	1435700	1899535	
openflow:2:1	21313	25992	1468602	1939475	
openflow:2:1	21528	26220	1483809	1958427	
openflow:2:1	21776	26484	1501452	1979990	
openflow:2:1	22337	27407	1536655	2036380	
openflow:2:1	23059	28628	1581618	2109209	
openflow:2:1	23744	29789	1624280	2178670	
openflow:2:1	24443	30973	1667813	2249206	
openflow:2:1	25178	32203	1713728	2323357	
openflow:2:1	25919	33469	1759780	2398505	
openflow:2:1	26343	34126	1787109	2439950	
openflow:2:1	26603	34407	1805454	2462619	
openflow:2:1	27086	34930	1839635	2504788	
openflow:2:1	27315	35180	1855940	2524776	
openflow:2:1	27543	35416	1872133	2544187	
openflow:2:1	27755	35640	1887093	2562918	
openflow:2:1	28002	35900	1904709	2584222	
openflow:2:1	28203	36111	1918938	2602039	
openflow:2:1	28418	36335	1934300	2620175	
openflow:2:1	28664	36601	1951637	2642294	
openflow:2:1	28890	36843	1967792	2661493	
openflow:2:1	29141	37115	1985519	2683885	
openflow:2:1	29366	37358	2001514	2703486	
openflow:2:1	29618	37624	2019402	2725074	
openflow:2:1	29827	37852	2034179	2743677	
openflow:2:1	30093	38140	2053058	2766712	
openflow:2:1	30324	38388	2069383	2786864	
openflow:2:1	30805	38906	2103485	2828839	
openflow:2:1	31030	39146	2119481	2848410	
openflow:2:1	31259	39388	2135681	2868457	
openflow:2:1	31476	39615	2151084	2887439	
openflow:2:1	31709	39864	2167704	2907692	
openflow:2:1	31937	40105	2183835	2927302	
openflow:2:1	32180	40368	2201081	2948311	
openflow:2:1	32410	40616	2217401	2968546	
openflow:2:1	32647	40868	2234205	2988946	
openflow:2:1	32896	41139	2251819	3011259	
openflow:2:1	33116	41376	2267416	3030541	
openflow:2:1	33339	41607	2283240	3049718	
openflow:2:1	33568	41853	2299527	3069581	
openflow:2:1	33818	42117	2317316	3090997	
openflow:2:1	34277	42609	2349868	3131064	
openflow:2:1	34508	42860	2366149	3151753	
openflow:2:1	34758	43130	2383887	3173552	
openflow:2:1	35008	43398	2401631	3195224	
openflow:2:1	35230	43635	2417319	3214597	
openflow:2:1	35463	43886	2433889	3234939	
openflow:2:1	35695	44135	2450355	3254912	
openflow:2:1	35933	44387	2467250	3275403	
openflow:2:1	36167	44637	2483801	3296071	
openflow:2:1	36386	44874	2499373	3315220	
openflow:2:1	36641	45150	2517413	3337772	
openflow:2:1	36869	45396	2533598	3357643	
openflow:2:1	37100	45637	2550030	3377312	
openflow:2:1	37333	45886	2566501	3398162	
openflow:2:1	37792	46372	2599071	3437865	
openflow:2:1	38025	46623	2615630	3458026	
openflow:2:1	38272	46890	2633154	3479771	
openflow:2:1	38492	47132	2648678	3499391	
openflow:2:1	38762	47417	2667872	3522420	
openflow:2:1	38977	47646	2683095	3541054	
openflow:2:1	39217	47903	2700144	3561715	
